data/depth/112Ma_Topo_Sal.grd
DSAA
91 71
1000000 1090000
7230000 7300000
-6173.13 -2497.52
[rows 29 to 57 of 71, columns 0 to 64 of 91]
-3640.16 -3891.47 -4142.05 -4213.24 -4189.02 -4128.25 -4015.2 -3867.49 -3722.81 -3586.44 -3492.84 -3411.58 -3376.61 -3375.2 -3394.28 -3425.29 -3498.16 -3505.24 -3518.69 -3557.77 -3629.81 -3733.75 -3949.18 -4224.05 -4370.62 -4442.84 -4493.02 -4413.04 -4174.96 -3923.03 -3569.8 -3330.49 -3225.66 -3057.24 -3032.46 -3064.45 -3029.6 -2903.31 -2734.71 -2732 -2756.43 -2765.78 -2778.46 -2896.44 -3199.82 -3728.66 -4380.67 -4758.28 -4681.82 999999 999999 999999 999999 999999 999999 999999 999999 999999 999999 999999 999999 999999 999999 999999 999999
-3645.83 -3725.07 -3939.32 -4048.58 -4087.16 -4052.41 -3958.43 -3814.86 -3693.69 -3589.28 -3456.93 -3382.99 -3313.02 -3300.46 -3358.14 -3416.56 -3501.28 -3534.31 -3558 -3600.05 -3723.65 -3858.58 -4058.28 -4278.75 -4410.4 -4425.71 -4339.4 -4206.47 -3940.16 -3690.66 -3385.98 -3320.9 -3370.26 -3312.77 -3222.7 -3221.32 -3152.81 -3025.47 -2906.97 -2853.95 -2843.42 -2806.5 -2792.96 -2945.68 -3266.59 -3484.64 -4045.26 -4495.04 -4410.56 -4141.92 -3747.66 999999 999999 999999 999999 999999 999999 999999 999999 999999 999999 999999 999999 999999 999999
-3637.14 -3629.06 -3746.91 -3873.97 -3963.35 -3950.68 -3865.09 -3735.83 -3633.34 -3559.94 -3476.32 -3363.38 -3261.82 -3197.48 -3306.7 -3451.51 -3524.28 -3561.48 -3589.92 -3657.38 -3825.57 -3997.42 -4170.02 -4343.32 -4429.58 -4394.08 -4271.92 -4027 -3727.71 -3531.1 -3381.39 -3446.98 -3581.88 -3600.73 -3531.63 -3486.08 -3391.04 -3246.77 -3162.63 -3084.62 -3023.5 -2956.94 -3000.06 -3200.62 -3440.8 -3490.33 -3544.88 -4115.73 -4127.69 -3969.6 -3683.95 -3366.95 -2990.5 999999 999999 999999 999999 999999 999999 999999 999999 999999 999999 999999 999999
-3666.93 -3594.58 -3587.98 -3697.66 -3805.27 -3824.89 -3733.55 -3631.25 -3551.91 -3500.43 -3450.97 -3371.7 -3278.61 -3126.16 -3238.33 -3440.76 -3541.88 -3632.38 -3682.57 -3785.94 -3958.46 -4137.57 -4295.88 -4403.59 -4430.83 -4386.35 -4248.45 -3952.23 -3697.24 -3578.51 -3555.61 -3630.73 -3765.95 -3870.69 -3887.28 -3824.74 -3747.17 -3606.12 -3467.89 -3375.93 -3288.51 -3246.79 -3338.29 -3529.61 -3735.33 -3837.31 -3778.44 -4012.55 -4040.47 -3886.44 -3543.67 -3319.47 -3037.62 -2844.57 -2829.84 999999 999999 999999 999999 999999 999999 999999 999999 999999 999999
-3586.87 -3520.44 -3476.04 -3486.04 -3628.5 -3628.42 -3571.06 -3502.99 -3426.75 -3424.75 -3429.56 -3409.86 -3352.49 -3208.85 -3291.26 -3449.37 -3609.68 -3763.29 -3847.06 -3961.29 -4088.92 -4274.27 -4412.42 -4463.81 -4465.91 -4430.65 -4304.65 -4008.12 -3699.57 -3591.24 -3620.62 -3743.24 -3863.63 -4000.43 -4102.55 -4143.57 -4086.52 -3934.73 -3804.22 -3706.99 -3614.53 -3607.73 -3715.7 -3900.6 -4154.25 -4309.14 -4165.93 -4096.82 -4094.11 -3999.09 -3669.8 -3366.83 -3033.02 -2823.02 -2823.18 -3073.89 -3565.89 999999 999999 999999 999999 999999 999999 999999 999999
-3410.1 -3428.68 -3383.23 -3258.06 -3314.85 -3344.85 -3354.1 -3379.95 -3359.99 -3385.95 -3423.56 -3427.42 -3422.98 -3403.32 -3414.37 -3504.05 -3661.61 -3854.12 -3949.78 -4064.77 -4208.3 -4379.4 -4503.81 -4533.11 -4526.95 -4496.74 -4366.3 -3943.55 -3603.79 -3549.96 -3652.59 -3746.6 -3865.54 -4079.03 -4206.27 -4291.88 -4286.24 -4218.92 -4146.27 -4041.94 -3981.13 -3956.59 -4049.73 -4260.54 -4539.86 -4641.26 -4514.67 -4375.32 -4334.96 -4261.34 -3990.69 -3648.18 -3276.36 -2860.16 -2917.74 -3326.71 -3840.11 -4509.75 -5201.9 999999 999999 999999 999999 999999 999999
-3222.2 -3355.6 -3357.56 -3170.23 -3158.56 -3164.75 -3132.86 -3248.94 -3315.9 -3354.07 -3415.59 -3439.05 -3442.53 -3456.94 -3480.64 -3556.78 -3672.22 -3850.2 -3953.05 -4091.33 -4244.17 -4419.58 -4539.37 -4579.23 -4582.26 -4550.53 -4373.48 -3856.81 -3473.99 -3280.56 -3405.41 -3575.91 -3766.2 -4029.79 -4250.93 -4332.19 -4325.88 -4300.47 -4256.07 -4193.21 -4145.29 -4129.17 -4278.35 -4531.29 -4738.98 -4754.43 -4709.68 -4638.52 -4606.19 -4528.6 -4292.6 -3990.56 -3727.13 -3439.91 -3369.81 -3653.78 -4112.58 -4764.6 -5149.43 -5209.7 999999 999999 999999 999999 999999
-3043.29 -3243.39 -3348.6 -3278.13 -3172 -3128.44 -3025.36 -2911.43 -3211.98 -3317.84 -3414.3 -3451.69 -3450.42 -3470.68 -3515.25 -3601.97 -3688.11 -3750.88 -3879.48 -4019.56 -4220.88 -4376.1 -4523.52 -4594.82 -4589.48 -4562.69 -4382.85 -3863.27 -3338.4 -2890.6 -2911.51 -3322.69 -3617.89 -3917.81 -4128.6 -4187.74 -4178.35 -4200.55 -4200.3 -4179.27 -4164.66 -4189.43 -4326.34 -4545 -4706.45 -4707.29 -4733.37 -4757.26 -4736.49 -4655.46 -4517.48 -4324.56 -4098.26 -3901.64 -3810.07 -3985.01 -4347.49 -4886.41 -5057.42 -5084.52 -5045.67 -4933.17 -4644.91 999999 999999
-2869.99 -3098.06 -3281.98 -3259.82 -3236.71 -3181.96 -3089.86 -2996.63 -3130.45 -3284.04 -3413.68 -3444.88 -3435.45 -3437.02 -3494.46 -3591.86 -3646.35 -3645 -3743.36 -3923.29 -4107.14 -4305.13 -4475.49 -4575.44 -4573.61 -4531.44 -4398.86 -3913.32 -3421.74 -2838.36 -2849.31 -3142.92 -3446.73 -3729.36 -3874.75 -3833.89 -3827.9 -3879.14 -3996.06 -3988.72 -3975.06 -3928.81 -3973.94 -4271.86 -4366.07 -4502.18 -4682.81 -4788.94 -4762.98 -4688.07 -4640.59 -4570.79 -4441.42 -4257.53 -4199.51 -4304.25 -4559.23 -4799.72 -4922.68 -4955.82 -4921.73 -4769.94 -4311.47 -3830.94 999999
-2791.73 -2823.89 -3105.97 -3193.28 -3240.08 -3277.64 -3255.65 -3173.29 -3226.4 -3300.89 -3386.85 -3423.21 -3401.99 -3384.9 -3409.86 -3485.8 -3466.25 -3463.85 -3559.08 -3748.29 -3998.24 -4208.08 -4418.76 -4571.63 -4567.24 -4529.8 -4435.54 -4154.27 -3668.87 -3143.31 -2934.81 -3065.05 -3240.99 -3439.58 -3518.12 -3462.51 -3441.87 -3530.72 -3678.99 -3644.65 -3561.28 -3458.83 -3391.18 -3511.43 -3926 -4299.14 -4577.72 -4740.69 -4685.32 -4645.59 -4648.99 -4669.08 -4602.27 -4487.77 -4452.36 -4546.89 -4686.22 -4712.77 -4773.51 -4810.64 -4783.5 -4526.53 -4025.53 -3547.98 -3134.58
-2718.26 -2657.42 -2962.48 -3106.05 -3159.88 -3320.91 -3372.75 -3343.63 -3349.16 -3372.97 -3422.99 -3425.55 -3387.44 -3335.23 -3269.2 -3262.15 -3226.91 -3224.88 -3315.35 -3517.08 -3828.79 -4120.21 -4395.29 -4552.42 -4552.6 -4510.24 -4418.62 -4216.03 -3892.51 -3474.55 -3014.87 -2976.01 -2981.29 -3214.5 -3250.45 -3192.14 -3074.19 -3125.25 -3295.69 -3375.72 -3347.92 -3218.46 -3182.62 -3301.87 -3515.89 -4022.76 -4398.81 -4501.32 -4447.41 -4474.19 -4602.02 -4681.2 -4642.66 -4590.72 -4583.27 -4616.44 -4660.12 -4622.89 -4618.81 -4635.43 -4578.31 -4219.68 -3762.68 -3333.83 -2988.48
-2921.73 -2827.21 -2956.92 -3092.93 -3102.8 -3143.81 -3342.41 -3387.11 -3470.22 -3529.74 -3521.5 -3488.24 -3431.05 -3292.51 -3140.65 -3078.16 -3012.37 -2967.17 -3043.92 -3274.36 -3635.47 -4002.8 -4350.6 -4511.15 -4510.47 -4450.41 -4378.95 -4207.47 -3963.4 -3655.89 -3223.53 -2934.04 -2765.87 -3067.56 -3122.36 -3042.44 -2839.03 -2811.26 -3087.9 -3226.17 -3230.17 -3165.89 -3173.38 -3268.36 -3321.86 -3688.07 -4088.78 -4147.86 -4111.2 -4282.97 -4512.85 -4635.68 -4620.9 -4608.87 -4603.83 -4604.57 -4574.14 -4519.84 -4465.34 -4417.61 -4286.83 -3966.32 -3533.68 -3151.66 -3033.35
-3078.01 -2976.21 -3011.08 -3124.82 -3184.96 -3177.42 -3265.77 -3384.5 -3529.92 -3598.61 -3581.04 -3561.8 -3523.16 -3376.67 -3109.62 -2993.5 -2870.61 -2747.65 -2769.03 -3030.9 -3408.81 -3845.81 -4216.42 -4389.94 -4419.68 -4385.33 -4327.96 -4229.34 -4006.73 -3791.68 -3494.82 -3232.52 -3115.78 -3090.98 -3095.38 -3048.37 -2838.72 -2860.73 -3052.71 -3179.24 -3218.37 -3229.64 -3292.03 -3309.8 -3286.53 -3278.04 -3471.37 -3349.43 -3241.74 -3826.64 -4353.28 -4531.94 -4567.53 -4590.54 -4592.62 -4555.37 -4499.4 -4427.03 -4331.44 -4224.13 -4081.33 -3804.26 -3406.75 -3028.03 -3046.66
-3046.36 -3049.48 -3081.29 -3229.44 -3352.73 -3239.23 -3241.87 -3296.04 -3460.73 -3558.03 -3575.3 -3584.4 -3614.93 -3524.27 -3221.67 -2978.15 -2744.07 -2585.28 -2602 -2829.16 -3150.13 -3631.46 -4015.8 -4198.78 -4284.6 -4306.46 -4273.29 -4218.87 -4111.64 -3978.82 -3771.14 -3575.24 -3523.76 -3401.41 -3367.95 -3394.19 -3226.86 -3087.15 -3166.04 -3220.09 -3277.44 -3384.14 -3489.61 -3519.84 -3331.72 -3147.37 -3227.91 -3111.2 -3017.96 -3221.67 -3993.8 -4399.74 -4503.51 -4546.54 -4566.56 -4523.38 -4443.24 -4345.6 -4220.63 -4069.1 -3909.05 -3677.72 -3414.36 -3086.14 -3162.17
-2989.74 -3064.7 -3112.36 -3121.62 -3272.56 -3261.85 -3248.05 -3241.28 -3307.28 -3426.37 -3496.63 -3566.07 -3623.06 -3584.3 -3337.89 -3070.33 -2756.74 -2573.04 -2580.59 -2685.32 -2880.84 -3278.2 -3728.96 -3945.07 -4112.4 -4202.92 -4221.74 -4199.71 -4188.32 -4157.89 -4066.91 -3874.54 -3761.3 -3717.04 -3696.68 -3666.47 -3539.17 -3405.11 -3387.26 -3362.16 -3436.64 -3576.91 -3713.61 -3830.51 -3785.49 -3344.61 -3211 -3011.04 -2963.31 -3143.65 -3655.5 -4214.26 -4453.58 -4509.7 -4552.02 -4506.33 -4414.51 -4291.72 -4122.4 -3922.72 -3750.19 -3580.87 -3439.41 -3280.26 -3278.75
-2983.93 -3064.91 -3144.23 -3101.89 -3152.52 -3229.84 -3257.53 -3232.82 -3229.99 -3275.16 -3356.63 -3459.03 -3544.77 -3521.04 -3417.93 -3221.71 -2898.33 -2659.12 -2597.89 -2600.65 -2655.31 -2886.33 -3325.46 -3650.23 -3909.35 -4035.26 -4095.68 -4132.89 -4188.21 -4222.35 -4182.85 -4042.85 -3940.49 -3884.51 -3896.63 -3813.66 -3659.49 -3518.25 -3494.39 -3506.4 -3575.94 -3762.49 -3973.9 -4070.63 -3970.02 -3537.78 -3220.42 -2991.56 -2954.52 -3269.79 -3699.14 -4180.1 -4454.27 -4523.64 -4558.19 -4507.1 -4377.99 -4170.98 -3954.17 -3740.15 -3600 -3490.48 -3389.52 -3289.33 -3301.48
-2990.62 -2998.5 -3153.02 -3088.9 -3078.33 -3113.61 -3197.83 -3191.07 -3129.73 -3132.63 -3185.39 -3281.64 -3409.92 -3456.86 -3447.3 -3366.94 -3189.12 -2886.2 -2713.24 -2575.84 -2572.9 -2708.78 -3029.52 -3334.43 -3655.43 -3830.95 -3856.67 -3956.33 -4098.85 -4198.92 -4159.06 -4060.61 -4024.7 -4006.67 -3966.2 -3832.79 -3655.64 -3514.53 -3460.46 -3557.56 -3738.43 -3945.14 -4111 -4159.37 -3931.21 -3526.78 -3239.1 -3127.87 -3146.02 -3444.75 -3867.15 -4359.37 -4549.39 -4597.12 -4591.69 -4560.13 -4360.12 -4079.83 -3793.98 -3533.9 -3448.87 -3412.89 -3307.51 -3261.09 -3264.03
-3044.81 -2960.84 -3038.77 -3044.68 -3008.52 -2988.34 -3037.27 -3039.35 -2985.85 -2974.7 -3027.56 -3095.86 -3237.15 -3345.88 -3435.56 -3443.09 -3341.41 -3138.83 -2917.49 -2650.59 -2574.26 -2638.11 -2831.12 -3067.7 -3320.39 -3487.85 -3551.22 -3662.28 -3872.3 -4028.95 -4011.93 -3992.63 -4011.82 -4000.21 -3908.72 -3738.81 -3591.85 -3443.03 -3396.25 -3571.68 -3820.11 -3992.64 -4116.09 -4119.59 -3734.48 -3389.87 -3178.66 -3174.08 -3331.01 -3646.47 -4059.32 -4478.76 -4667.93 -4631.53 -4574.02 -4506.15 -4288.01 -4064.96 -3586.75 -3310.69 -3146.51 -3316.24 -3293.01 -3213.85 -3135.36
-3209.87 -3012.68 -3045.01 -3041.03 -2960.41 -2886.34 -2889.73 -2901.89 -2852.2 -2803.6 -2836.88 -2922.55 -3032.5 -3186.86 -3354.17 -3446.8 -3447.22 -3359.83 -3190.66 -2906.48 -2638.84 -2636.48 -2709.57 -2895.93 -3094.12 -3204.74 -3252.47 -3313.34 -3505.31 -3709.96 -3757.1 -3790.1 -3847.19 -3836.94 -3678.48 -3549.56 -3497.3 -3450.08 -3443 -3591.34 -3807.5 -3983.52 -4051.63 -3971.73 -3502.02 -3161.86 -3151.28 -3241.21 -3559.01 -3894.82 -4274.28 -4627.79 -4677.82 -4626.29 -4553.12 -4430.88 -4257.62 -3992.21 -3611.3 -3140.59 -3082.59 -3465.09 -3413.45 -3223.68 -2992.27
-3735.54 -3411.27 -3301.55 -3179.63 -2995.78 -2834.88 -2861.12 -2855.84 -2773.37 -2663.32 -2667.78 -2747.86 -2835.92 -2966.06 -3242.05 -3393.12 -3469.57 -3507.18 -3418.34 -3132.89 -2790.02 -2640.8 -2634.29 -2777.51 -2957.58 -3033.83 -3031.27 -3009.77 -3175.29 -3404.98 -3511.77 -3543.25 -3515.91 -3513.46 -3397.11 -3285.67 -3345.69 -3415.88 -3434.35 -3560.16 -3781.29 -3937.03 -3949.6 -3566.02 -3057.39 -3024.97 -3193.05 -3606.92 -3842.52 -4168.11 -4478.5 -4626.05 -4629.77 -4577.67 -4512.77 -4441.23 -4303.56 -4071.37 -3844.87 -3817.97 -4122.13 -4020.55 -3625.68 -3307.07 -2946.61
-4158.85 -3903.54 -3673.93 -3515.54 -3271.32 -3069.57 -3040.12 -2928.83 -2722.99 -2571.31 -2575.61 -2616.67 -2674.5 -2741.55 -2997.39 -3280.29 -3467.9 -3599.22 -3611.95 -3319.18 -2950.07 -2677.93 -2582.01 -2692.06 -2900.79 -2989.43 -2973.08 -2877.75 -3014.37 -3231.73 -3331.57 -3370.65 -3319.57 -3294.42 -3214.89 -3046.57 -2960.66 -3143.65 -3258.36 -3444.07 -3696.48 -3858.32 -3716.6 -3424.97 -3103.13 -3090.15 -3630.27 -3939.06 -4121.81 -4297.54 -4486.46 -4565.25 -4550.92 -4517.48 -4482.25 -4446.06 -4389.97 -4291.41 -4200.13 -4246.92 -4302.09 -4250.21 -4088.76 -3491.71 -3204.46
-4255.13 -4206.32 -4045.04 -4012.46 -3858.89 -3582.58 -3396.74 -3203.59 -2920.4 -2662.52 -2576.82 -2566.73 -2565.34 -2635.46 -2879.56 -3173.5 -3401.83 -3638.56 -3665.67 -3461.91 -3126.77 -2777.88 -2577.2 -2744.52 -2922.52 -3004.78 -3015.82 -2977.34 -3080.19 -3192.37 -3230.07 -3295.86 -3321.63 -3293.95 -3174.34 -2859.62 -2669.79 -2897.09 -3048.09 -3245.97 -3534.36 -3698.47 -3668.23 -3508.07 -3367.64 -3387.11 -3626.21 -4024.79 -4126.5 -4262.83 -4381.83 -4470.11 -4461.17 -4449.79 -4436.86 -4417.04 -4409.49 -4415.44 -4436.52 -4362.88 -4294.01 -4170.32 -3975.71 -3585.68 -3426.08
-4242.75 -4308.04 -4462.51 -4576.48 -4410.32 -4149.69 -3896.9 -3660.89 -3353.88 -2967.26 -2720.08 -2538.63 -2497.52 -2664.54 -2907.77 -3164.72 -3331.77 -3534.12 -3668.5 -3584.99 -3329.45 -2976.73 -2807.64 -2891.66 -3022.76 -3136.86 -3199.55 -3204.49 -3213.67 -3242.47 -3229.98 -3285.74 -3366.95 -3359.89 -3260.04 -3041.69 -2831.55 -2897.26 -2912.61 -2986.02 -3278.84 -3578.66 -3669.24 -3648.36 -3531.64 -3547.37 -3596.08 -3613.07 -3841.88 -4084.63 -4264.52 -4359.46 -4367.17 -4364.6 -4361.44 -4361.81 -4380.98 -4410.39 -4418.14 -4287.89 -4140.67 -3992.86 -3791.84 -3590.93 -3605.51
-4343 -4430.68 -4678.49 -4849.96 -4885.15 -4689.85 -4437.79 -4188.57 -3799.26 -3348.13 -2988.51 -2661.9 -2561.26 -2762.59 -3016.8 -3255.39 -3372 -3566.19 -3714.39 -3716.88 -3565.85 -3243.8 -3058.31 -3097.01 -3201.46 -3331.7 -3400.76 -3427.44 -3450.87 -3464.77 -3391.78 -3440.15 -3509.59 -3523.92 -3462.99 -3304.86 -3114.95 -3020.59 -2924.09 -2860.18 -3140.35 -3480.61 -3674.88 -3710.38 -3620.34 -3528.43 -3432.81 -3358.81 -3415.17 -3701.06 -4033.75 -4226.74 -4267.94 -4256.86 -4266.67 -4282.21 -4308.43 -4322.29 -4270.59 -4114.89 -3965.69 -3833.76 -3678.21 -3563.89 -3454.73
-4209.62 -4342.35 -4665.46 -5009.48 -5153.3 -5119.2 -4915.88 -4597.64 -4180.93 -3715.93 -3335.55 -2995.94 -2823.64 -2943.37 -3163.98 -3433.15 -3643.67 -3806.09 -3917.84 -3926.07 -3788.28 -3500.12 -3315.62 -3290.85 -3406.52 -3537.82 -3565.79 -3612.06 -3680.89 -3769.31 -3733.51 -3669.8 -3696.6 -3723.13 -3658.31 -3519.68 -3371.69 -3279.38 -3292.5 -3167.68 -3275.71 -3479.44 -3696.77 -3739.66 -3618.46 -3440.16 -3270.46 -3106.89 -3135.47 -3489.84 -3785.93 -4027.84 -4140.57 -4143.08 -4169.35 -4170.86 -4164.33 -4105.54 -4014.9 -3886.65 -3770.62 -3651.34 -3546.33 -3433.91 -3336.98
-3912.33 -4108.62 -4314.13 -4737.59 -5118.23 -5159.88 -5066.58 -4864.08 -4489.99 -4040.23 -3640.64 -3331.7 -3111.28 -3127.14 -3313.6 -3654.48 -3909.29 -4099.03 -4248.85 -4228.23 -3975.75 -3600.79 -3375.48 -3375.24 -3526.22 -3567.92 -3603.93 -3683.55 -3826.98 -3942.8 -3906.8 -3856.54 -3875.25 -3883.35 -3753.8 -3557.12 -3504.93 -3502.86 -3488.74 -3382.82 -3363.54 -3520.8 -3751.81 -3753.48 -3528.28 -3345.08 -3191.11 -3047.51 -3097 -3360.25 -3642.91 -3843.41 -3952.57 -4028.72 -4073.59 -4054.24 -3963.25 -3882.46 -3746.94 -3614.42 -3564.77 -3483.12 -3408.29 -3307.14 -3185.79
-3609.89 -3806.54 -3955.03 -4282.6 -4616.24 -4957.29 -4960.33 -4875.84 -4722.64 -4304.78 -3906.28 -3486.47 -3246.3 -3233.14 -3453.91 -3813.46 -4135.34 -4407.48 -4611.44 -4557.41 -4145.46 -3584.23 -3338.56 -3366.34 -3487.67 -3479.74 -3537.39 -3689.06 -3866.13 -3952.01 -3910.43 -3917.22 -3970.48 -3952.67 -3644.26 -3470.2 -3486.72 -3541.24 -3469.75 -3335.26 -3352.26 -3594.06 -3753.15 -3606.02 -3374.32 -3217.83 -3151.96 -3049.15 -3087.12 -3272.15 -3505.44 -3679.27 -3751.4 -3806.57 -3849.03 -3865.48 -3807.09 -3680.38 -3494.35 -3318.28 -3263.33 -3284.1 -3267.05 -3212.92 -3141.9
-3276.95 -3473.01 -3567.08 -3761.56 -3993.99 -4436.62 -4644.6 -4768.57 -4689.82 -4463.76 -4069.3 -3574.95 -3347.11 -3248.55 -3479.66 -3917.46 -4330.99 -4682.5 -4914.58 -4803.14 -4083.64 -3472.78 -3146.94 -3104.82 -3262.17 -3261.99 -3343.12 -3530.5 -3690.17 -3752.87 -3771.36 -3865.58 -3930.73 -3790.67 -3430.16 -3220.34 -3223.87 -3426.01 -3285.59 -3157.55 -3111.76 -3468.75 -3581.77 -3380.83 -3171.08 -3052.77 -3055.15 -3001.13 -3013.8 -3181.23 -3407.35 -3514.23 -3475.82 -3454.7 -3523.63 -3592.03 -3565.9 -3460.55 -3208 -2813.66 -2952.98 -3129.87 -3160.6 -3175.78 -3193.08
-2942.82 -3062.6 -3182.39 -3336.48 -3323.22 -3736.92 -4122.12 -4485.75 -4544.76 -4395.72 -4034.51 -3553.52 -3345.88 -3316.59 -3576.1 -4145.86 -4567.42 -4868.69 -5053.05 -4698.76 -3932.74 -3288.14 -2859.14 -2701.37 -2926.45 -3014.06 -3077.7 -3194.32 -3414.1 -3441.92 -3467.12 -3591.3 -3649.89 -3458.83 -3170.01 -2914.66 -2671.73 -3016.23 -3089.6 -3032.4 -2839.05 -2809.63 -3168.81 -3108.01 -2969.81 -2756.59 -2694.87 -2801.38 -2859.23 -3027.07 -3291.19 -3322.58 -3240.24 -3140.82 -3162.51 -3286.53 -3259.08 -3210.53 -2966.95 -2811.06 -2881.74 -3014.74 -3131.85 -3259.67 -3297.81
