data/depth/113Ma_Base_Sal.grd
DSAA
91 71
1000000 1090000
7230000 7300000
-6974.74 -4304.23
[rows 29 to 57 of 71, columns 0 to 64 of 91]
-6363.6 -6420.88 -6330.88 -6234.18 -6203.82 -6155.81 -6144.38 -6014.99 -5800.63 -5568.58 -5363.62 -5386.4 -5571.58 -5756.81 -5926.19 -6002.95 -6007.99 -6009.35 -6004.19 -6030.48 -6125.63 -6142.84 -6221.47 -6264.97 -6317.08 -6347.93 -6366.75 -6350.77 -6278.35 -6248.65 -6214.83 -6322.14 -6258.57 -6346.14 -6384.75 -6417.45 -6440.37 -6462.42 -6599.59 -6751.22 -6777.03 -6795.4 -6769.46 -6707.92 -6710.67 -6628.95 -6415.88 -6481.28 -6414.86 999999 999999 999999 999999 999999 999999 999999 999999 999999 999999 999999 999999 999999 999999 999999 999999
-6352.86 -6415.5 -6270.25 -6192.89 -6125.52 -6100.58 -6068.21 -5969.36 -5855.84 -5749.85 -5617.48 -5631.18 -5735.1 -5902.86 -5999.35 -6042.97 -6008.12 -5999.29 -5976.19 -5960.72 -6023.58 -6107.65 -6191.04 -6245.54 -6315.52 -6330.83 -6283.14 -6309.45 -6265.81 -6257.33 -6271.67 -6315.36 -6361.81 -6325.04 -6376.28 -6475.83 -6492.72 -6489.76 -6533.82 -6672.94 -6743.9 -6759.68 -6704.18 -6646.9 -6593.04 -6535.46 -6307.89 -6296.28 -6326.32 -6305.33 -6256.9 999999 999999 999999 999999 999999 999999 999999 999999 999999 999999 999999 999999 999999 999999
-6315.77 -6312.39 -6257.67 -6122.49 -6080.51 -6032.31 -6005.31 -5955.77 -5928.3 -5945.69 -5930.34 -5848.02 -5858.34 -5956.02 -6000.52 -6053.19 -6012.29 -5996.25 -5970.3 -5934.16 -6035.04 -6130.17 -6183.09 -6229.18 -6291.11 -6304.12 -6313.43 -6263.74 -6198.88 -6146.86 -6178.75 -6229.21 -6331.96 -6353 -6414.09 -6475.9 -6520.4 -6559.67 -6572.06 -6611.94 -6691.63 -6709.79 -6661.02 -6605.98 -6524.79 -6491.46 -6262.93 -6328.83 -6308.19 -6281 -6193.09 -6206.86 -6460.86 999999 999999 999999 999999 999999 999999 999999 999999 999999 999999 999999 999999
-6235.53 -6264.79 -6220.02 -6050.16 -5990.29 -5981.13 -5930.35 -5916.4 -5950.34 -5990.2 -5940.02 -5860.12 -5859.63 -5972.85 -6014.24 -6019.94 -6032.78 -6058.37 -6037.15 -6021.65 -6107.37 -6162.98 -6206.66 -6230.1 -6262.53 -6284.78 -6312.84 -6230.52 -6180.44 -6146.57 -6188.86 -6333.17 -6450.49 -6469.91 -6443.35 -6474.86 -6569.7 -6573.16 -6537.85 -6565.32 -6642.88 -6665.84 -6620.16 -6559.22 -6556.96 -6555.39 -6342.61 -6392.73 -6402.31 -6296.76 -6128.96 -6231.26 -6429.58 -6547.83 -6657.22 999999 999999 999999 999999 999999 999999 999999 999999 999999 999999
-6088.28 -6092.48 -6074.49 -5970.14 -5887.02 -5845.12 -5835.73 -5820.51 -5823.82 -5899.09 -5880.83 -5847.11 -5811.15 -5813.19 -5943.34 -6009.46 -6096.04 -6150.9 -6117.06 -6168.38 -6176.48 -6207.99 -6237.76 -6258.97 -6276.77 -6291.04 -6314.69 -6286.42 -6214.06 -6113.64 -6108.59 -6276.4 -6362.35 -6389.17 -6393.39 -6372.33 -6477.27 -6501.77 -6501.52 -6530.54 -6564.43 -6625.67 -6576.07 -6532.83 -6520.18 -6530.62 -6489.34 -6466.41 -6464.96 -6414.64 -6261.91 -6313.34 -6429.55 -6544.65 -6605.36 -6456.69 -6380.58 999999 999999 999999 999999 999999 999999 999999 999999
-5913.8 -5871 -5806.4 -5682.01 -5706.53 -5728.17 -5688.02 -5713.92 -5722.57 -5760.35 -5762.33 -5759.09 -5737.17 -5746.88 -5895.07 -5986.87 -6079.39 -6136.73 -6156.87 -6221.86 -6236.98 -6234.04 -6244.01 -6248.3 -6280.65 -6309.98 -6307.11 -6295.94 -6141.27 -6072.37 -6051.98 -6097.17 -6203.58 -6298.07 -6331.29 -6394.42 -6387.02 -6391.52 -6484.36 -6527.2 -6567.3 -6585.65 -6585.21 -6541 -6537.53 -6559.76 -6529.71 -6541.6 -6587.54 -6597.61 -6464.13 -6421.17 -6412.94 -6416.51 -6362.51 -6357.07 -6418.16 -6469.8 -6725.01 999999 999999 999999 999999 999999 999999
-5735.26 -5659.77 -5504.9 -5404.67 -5535.98 -5558.05 -5551.39 -5606.15 -5640.49 -5610.05 -5614.71 -5669.44 -5705.41 -5736.27 -5817.64 -5934.65 -6017.09 -6079.16 -6136.35 -6202.38 -6218.43 -6195.57 -6205.18 -6243.61 -6289.31 -6341.12 -6321.55 -6351.9 -6219.76 -6104.63 -5896.11 -5923.49 -6052.52 -6149.24 -6318.04 -6399.29 -6387.52 -6330.56 -6365.18 -6526.03 -6571.22 -6569.99 -6606.07 -6596.57 -6555.6 -6595.27 -6574.31 -6579.47 -6618.77 -6615.6 -6534.02 -6454.36 -6403 -6309.38 -6305.79 -6339.95 -6433.59 -6578.66 -6728.97 -6732.82 999999 999999 999999 999999 999999
-5653.81 -5340.84 -5227.18 -5183.88 -5315.25 -5426.56 -5497.63 -5402.36 -5497.79 -5453.42 -5438.38 -5521.41 -5640.48 -5730.58 -5821.59 -5912.18 -6005.35 -6064.08 -6071.35 -6128.87 -6170.5 -6142.87 -6175.84 -6224.19 -6301.28 -6388.56 -6374.11 -6399.94 -6326.88 -6216.99 -6025.15 -5832.43 -5876.26 -5928.64 -6139.43 -6254.35 -6247.36 -6269.53 -6319.2 -6464.47 -6586.01 -6611.07 -6610.21 -6624.6 -6607.66 -6565.97 -6591.07 -6613.85 -6583.12 -6565.07 -6514.79 -6483.55 -6460.3 -6420.94 -6315.9 -6322.76 -6393.83 -6596.77 -6689.14 -6693.42 -6683.92 -6647.73 -6553.02 999999 999999
-5637.46 -5308.21 -5064.61 -5065.24 -5120 -5266.06 -5329.49 -5310.28 -5305.03 -5297.15 -5269.83 -5340.01 -5510.1 -5687.21 -5800.83 -5912.67 -5964.5 -5982.29 -6038.78 -6058.05 -6100.4 -6113 -6154.51 -6213.63 -6286.51 -6385.27 -6397.87 -6364.6 -6489.89 -6452.9 -6346.18 -5956.48 -5728.48 -5724.68 -5884.91 -5988.16 -6118.31 -6181.19 -6299.63 -6390.33 -6478.88 -6577.05 -6495.41 -6555.71 -6519.83 -6531.08 -6573.03 -6607.12 -6571.98 -6507.39 -6478.99 -6471.27 -6472.29 -6424.87 -6380.07 -6337.03 -6348.08 -6518.15 -6594.22 -6631.23 -6635.99 -6575.49 -6450.1 -6308.95 999999
-5595.71 -5401.02 -5099.12 -5053.79 -5095.48 -5130.42 -5189.1 -5251.48 -5247.82 -5222.98 -5183.98 -5220.38 -5407.22 -5633.62 -5789.37 -5938.15 -5948.35 -5962.83 -6002.15 -6030.65 -6035.79 -6095.72 -6145.55 -6209.53 -6251.8 -6362.32 -6405.23 -6427.95 -6500.08 -6519.08 -6321.27 -6159.68 -5755.43 -5633.43 -5748.9 -5884.29 -5998.5 -6088.23 -6211.23 -6279.29 -6305.47 -6455.16 -6541.06 -6525.22 -6406.8 -6469.13 -6539.48 -6595.7 -6506.48 -6463.58 -6454.1 -6438.26 -6417.85 -6384.49 -6348.1 -6326.06 -6401.78 -6431.23 -6506.98 -6548.24 -6553.57 -6507.4 -6446.28 -6353.83 -6166.81
-5424.35 -5278.92 -5225.02 -5202.71 -5156.97 -5140.76 -5149.14 -5147.95 -5217.06 -5201.93 -5220.2 -5257.37 -5418.56 -5559.81 -5728.99 -5807.7 -5860.48 -5906.42 -5970.25 -6010.04 -6021.31 -6089.5 -6129.43 -6184.41 -6219.41 -6336.66 -6407.4 -6458.83 -6434.45 -6406.94 -6311.14 -6265.05 -5969.64 -5712.5 -5776.98 -5896.44 -5966.35 -5998.51 -6035.58 -6106.64 -6133.83 -6312.84 -6411.84 -6485.63 -6452.19 -6334.73 -6367.41 -6413.71 -6370.31 -6347.62 -6366.16 -6372.91 -6383.04 -6360.27 -6342.59 -6328.71 -6352.84 -6374.78 -6431.91 -6486.24 -6515.95 -6479.65 -6487.03 -6469.02 -6305.84
-5227.95 -5282.01 -5343.05 -5281.66 -5287 -5281.19 -5162.14 -5176.65 -5246.81 -5277.59 -5318.59 -5382.46 -5512.5 -5599.17 -5649.32 -5628.71 -5693.93 -5790.45 -5934.25 -5990.81 -6037.11 -6079.52 -6146.49 -6185.95 -6253.01 -6335.66 -6424.92 -6524.21 -6424.32 -6245.28 -6074.79 -6165.8 -5760.73 -5860.03 -5880.26 -5935.72 -5959.09 -5928.93 -5958.59 -5958.63 -5961.1 -6067.1 -6281.99 -6439.18 -6492.68 -6501.33 -6259.44 -6179.81 -6230 -6286.86 -6274.11 -6325.04 -6340.85 -6359.77 -6354.27 -6335.91 -6335.15 -6384.02 -6414.19 -6440.37 -6451.3 -6502.96 -6530.13 -6562.45 -6407.1
-5288.2 -5350.88 -5391.98 -5335.95 -5369.7 -5449.97 -5406.44 -5243.79 -5261.54 -5306 -5378.13 -5518.22 -5652.89 -5786.62 -5633.93 -5541.77 -5581.71 -5823.9 -5901.9 -5969.07 -5999.56 -6054.33 -6174.38 -6212.91 -6286.42 -6352.11 -6450 -6498.32 -6350.29 -6146.59 -5902.5 -5670.43 -5842.5 -5876.69 -5884.97 -5889.52 -5958.8 -5931.32 -5917.51 -5886.92 -5848.03 -5830.64 -6077.83 -6324.23 -6495.33 -6553.15 -6635.41 -6429.91 -6247.73 -6171.35 -6222.78 -6261.07 -6310.41 -6343.79 -6365.92 -6361.57 -6380.27 -6407.21 -6409.25 -6421.25 -6441.7 -6501.79 -6607.76 -6540.54 -6466.13
-5361.81 -5419.05 -5464.11 -5544.75 -5542.52 -5532.57 -5557.06 -5506.64 -5377.74 -5392.41 -5508.03 -5632.14 -5806.33 -5882.91 -5774.45 -5564.92 -5627.63 -5871.6 -5929.16 -5982.67 -6002.09 -6018.61 -6131 -6178.04 -6251.76 -6347.9 -6436.06 -6432.53 -6311.73 -6104.34 -5861.33 -5768.91 -5727.31 -5717.68 -5780.6 -5806.85 -5904.69 -5867.67 -5850.09 -5831.19 -5821.47 -5857.07 -5942.39 -6094.62 -6377.33 -6433.75 -6497.1 -6412.25 -6358.4 -6178.1 -6095.14 -6191.55 -6282.81 -6364.79 -6448.21 -6430.93 -6435.38 -6448.3 -6435.6 -6422.52 -6426.26 -6476.68 -6521.98 -6470.63 -6276.53
-5426.47 -5453.76 -5533.52 -5585.9 -5665.82 -5685.16 -5741.6 -5765.75 -5633.18 -5538.19 -5609.77 -5741.2 -5858.77 -5919.91 -5838.78 -5722.48 -5848.87 -5952.18 -5954.27 -5994.79 -6012.12 -5985.85 -5996.11 -6043.4 -6168.5 -6310.33 -6374.3 -6334.42 -6204.02 -6029.65 -5885.44 -5808.88 -5783.21 -5757.46 -5734.85 -5713.95 -5695.02 -5677.07 -5768.5 -5817.06 -5861.16 -5909.22 -5953.37 -5977.34 -6110.82 -6361.02 -6442.05 -6314.96 -6252 -6086.8 -6018.62 -6060.16 -6257.4 -6377.7 -6461.86 -6475.83 -6505.35 -6500.13 -6475.82 -6415.64 -6436.37 -6452.03 -6457.98 -6321.96 -6148.37
-5454.73 -5519.73 -5633.45 -5705.66 -5782.48 -5821.32 -5908.15 -5977.24 -5907.36 -5749.99 -5725.81 -5792.88 -5881.07 -5950.14 -5961.64 -5873.69 -5906.26 -5993.63 -5965.77 -5968.51 -5953.96 -5915.56 -5868.44 -5909.7 -6072.01 -6190.3 -6237.14 -6175.91 -6068.84 -5940.11 -5875.66 -5856.27 -5851.48 -5843.99 -5807.61 -5696.14 -5614.52 -5559.06 -5644.42 -5753 -5861.76 -5963.41 -6007.72 -6027.68 -6018.47 -6204.43 -6236.84 -6179.12 -6093.9 -6051.76 -6023.22 -6046.75 -6249.08 -6356 -6481.7 -6525.74 -6535.75 -6529.9 -6469.34 -6431.28 -6458.14 -6438.69 -6398.31 -6289.28 -5967.78
-5470.95 -5520.2 -5720.93 -5776.56 -5840.67 -5933.51 -6037.73 -6051.29 -5973.67 -5883.22 -5846.48 -5914.06 -5967.39 -6030.28 -6075.63 -6031.51 -6011.2 -6049.1 -6072.62 -5991.23 -6003.12 -5887.44 -5788.56 -5729.12 -5896.39 -6014.3 -6009.17 -5974.7 -5940.14 -5938.23 -5893.98 -5905.05 -5922.24 -5917.65 -5871.68 -5718 -5574.42 -5476.77 -5574.85 -5741.6 -5923.88 -6048.07 -6117.14 -6156.43 -6100.09 -6193.41 -6213.16 -6118.4 -6071.5 -6033.43 -6032.41 -6138.32 -6220.5 -6340.1 -6487.58 -6572.72 -6596.48 -6531.22 -6434.5 -6474.99 -6428.09 -6425.59 -6326.31 -6258.21 -6010.85
-5522.2 -5561.29 -5730.52 -5814.73 -5903.65 -5983.52 -6057.69 -6037.1 -5976.21 -5919.28 -5905.45 -5950.1 -6025.85 -6096.21 -6153.8 -6140.48 -6050.81 -6052.23 -6089.31 -6112.97 -6082.13 -5979.69 -5691.06 -5539.7 -5613.87 -5728.75 -5778.62 -5803.69 -5839.71 -5885.04 -5887.98 -5912.19 -5932.35 -5930.31 -5847.98 -5678.06 -5541.65 -5414.99 -5519.13 -5742.05 -5974.32 -6059.44 -6132.75 -6156.96 -6160.43 -6262.3 -6183.17 -6151.04 -6101.58 -6024.4 -6044.63 -6129.87 -6263.74 -6327.68 -6434.06 -6554.88 -6590.48 -6485.78 -6442.61 -6553.03 -6429.33 -6371.38 -6343.76 -6254.83 -6055.47
-5477.13 -5625.24 -5760.15 -5864.76 -5998.45 -6040.85 -6022.26 -6024.31 -5954.76 -5914.73 -5903.42 -5927.54 -6011.23 -6134.25 -6253.78 -6206.42 -6146.5 -6080.89 -6117.21 -6147.41 -6099.32 -6044.55 -5744.33 -5501.8 -5389.4 -5456.75 -5554.1 -5666.67 -5744.12 -5808.26 -5821.51 -5913.13 -5964.74 -5924.45 -5792.48 -5580.5 -5469.38 -5463.61 -5553.68 -5703.66 -5887.6 -6013.91 -6080.16 -6146.8 -6302.53 -6384.69 -6346.61 -6187.1 -6069.29 -6032.16 -6047.54 -6175.67 -6249.09 -6362.56 -6459.85 -6534.78 -6539.77 -6445.95 -6529.63 -6518.21 -6413.6 -6437.09 -6385.44 -6272.63 -6097.98
-5606.18 -5630.57 -5787.26 -5907.45 -6064.91 -6044.09 -6036.29 -5995.46 -5914.67 -5861.06 -5894.74 -5940.74 -6001.48 -6030.29 -6248.67 -6255.22 -6141.48 -6125.51 -6124.01 -6133.18 -6143.81 -6044.2 -5823.17 -5577.78 -5413.03 -5387.15 -5423.74 -5554.75 -5586.78 -5634.47 -5732.66 -5837.03 -5996.69 -6008.69 -5884.18 -5624.64 -5429.43 -5455.51 -5545.6 -5670.86 -5825.58 -5962.93 -6012.27 -6214.34 -6400.91 -6534.26 -6458 -6070.78 -6022.69 -6015.6 -6105.68 -6172.98 -6264.57 -6381.23 -6480.41 -6534.06 -6519.86 -6476.33 -6518.23 -6540.83 -6448.57 -6331.28 -6366.8 -6332.07 -6151.58
-5543.2 -5605.06 -5720.17 -5850.94 -6023.09 -6141.95 -6109.21 -6032.06 -5882.75 -5837.06 -5882.38 -5947.01 -5980.87 -5991.31 -6043.51 -6144.99 -6096.24 -6097.44 -6146.53 -6108.38 -6106.13 -6066.9 -5969.47 -5674.61 -5588.33 -5567.12 -5598.88 -5549.15 -5575.26 -5522.63 -5659.42 -5996.34 -6107.21 -6100.31 -5977.26 -5808.92 -5546.43 -5487.53 -5561.29 -5619.66 -5787.02 -5917.92 -6088.5 -6414.42 -6526.6 -6629.64 -6323.77 -5983.85 -5948.98 -6021.57 -6142.48 -6189.22 -6293.88 -6422.54 -6521.2 -6551.2 -6511.75 -6502.18 -6511.97 -6399.36 -6379.41 -6304.48 -6377.77 -6315.11 -6199.04
-5578.88 -5588.74 -5648.31 -5865.19 -6001.69 -6093.83 -6078.31 -6045.01 -5972.41 -5904.03 -5912.33 -5935.62 -5933.05 -5981.56 -5987.79 -6038.16 -6007.64 -6001.92 -6023.75 -6031.53 -6083.24 -6061.03 -5919.58 -5846.6 -5708.02 -5678.57 -5647.29 -5606.66 -5641.06 -5708.06 -5855.12 -6130.49 -6177.35 -6134.94 -5998.79 -5798.06 -5822 -5895.66 -5819.22 -5760.92 -5849.87 -6033.31 -6233.79 -6444.95 -6551.24 -6409.03 -6250.44 -6006.44 -5939.58 -6041.95 -6111.18 -6245.49 -6340.34 -6454.24 -6534.58 -6524.15 -6515.57 -6508.59 -6501.83 -6440.2 -6392.14 -6328.23 -6415.85 -6327.44 -6181.34
-5568.86 -5626.52 -5744.05 -5950.39 -5982.98 -6049.34 -6103 -6075.56 -6035.33 -5979.12 -5974.6 -5934.81 -5914 -5949.63 -5918.66 -5924.11 -5937.58 -5855.01 -5944.48 -5987.41 -6046.93 -6034.44 -5977.9 -5885.25 -5791.83 -5788.79 -5786.44 -5754.05 -5766.71 -5801.99 -5995.39 -6141.44 -6216.61 -6206.67 -6106.86 -5984.9 -6092.76 -6173.66 -6172.63 -5984.11 -5936.84 -6165.55 -6371.94 -6514.54 -6522.64 -6477.55 -6313.1 -6148.35 -5952.58 -6100.99 -6176.59 -6275.72 -6363.2 -6470.98 -6513.38 -6496.19 -6488.07 -6477.42 -6467.83 -6412.15 -6373.51 -6395.23 -6446.74 -6304.85 -6186.82
-5717.8 -5676.73 -5828.9 -5930.43 -6034.77 -6135.68 -6152.15 -6194.67 -6134.52 -6047.71 -6009.54 -5955.64 -5883.9 -5882.17 -5876.07 -5895.69 -5861.65 -5841.67 -5964.79 -5997.5 -6024.83 -5995.53 -5970.65 -5887.26 -5854.06 -5872.47 -5901.45 -5915.97 -5928.39 -5970.59 -6031.46 -6226.79 -6312.17 -6356.6 -6309.76 -6198.81 -6236.48 -6307.12 -6280.07 -6189.23 -6119.46 -6280.66 -6468.88 -6613.71 -6573.25 -6430.23 -6286.18 -6120.62 -6006.21 -6026.2 -6131.58 -6257.24 -6374.32 -6468.57 -6481.01 -6463.97 -6458.02 -6444.07 -6416.94 -6357.85 -6359.04 -6379.87 -6370.78 -6241.71 -6061.84
-5696.08 -5708.5 -5843.45 -6018.43 -6137.25 -6298.9 -6287.3 -6294.32 -6249.9 -6156.51 -6116.07 -5988.75 -5901.76 -5866.33 -5848.99 -5891.71 -5914 -5919.98 -5980 -6084.25 -6072.05 -5983.73 -5916.64 -5861.56 -5855.35 -5927.99 -6006.04 -6054.21 -6110.65 -6152.17 -6152.21 -6279.29 -6356.39 -6398.65 -6438.58 -6413.63 -6336.77 -6359.88 -6444.5 -6291.05 -6299.3 -6378.09 -6553.31 -6680.23 -6570.45 -6347.33 -6172.71 -6046.72 -6017.42 -6012.89 -6102.5 -6236.58 -6358 -6400.94 -6420.3 -6396.4 -6388.91 -6330.12 -6260.73 -6236.36 -6267.13 -6304.17 -6232.7 -6096.06 -5986.88
-5701.55 -5689.74 -5822.78 -6000.31 -6220.86 -6359.13 -6344.08 -6358.88 -6330.35 -6280.03 -6280.92 -6187.32 -5989.96 -5938.13 -5825.11 -5853.27 -5879.22 -5908.4 -5972.04 -6109.67 -6105.83 -5965.13 -5827.05 -5819.72 -5855.83 -5917.44 -6043.02 -6125.71 -6242.5 -6321.66 -6267.6 -6252.5 -6371.32 -6466.59 -6480.19 -6494.9 -6446.31 -6399.01 -6390.56 -6413.16 -6387.12 -6428.65 -6608.34 -6708.17 -6487.06 -6262.09 -6092.85 -5949.72 -5901.56 -5966.45 -6070.9 -6174.25 -6244.58 -6309.66 -6338.62 -6281.44 -6188.7 -6117.9 -6020.03 -6057.55 -6156.01 -6119.9 -6067.5 -5964.4 -5843.46
-5665.59 -5691.47 -5777.58 -5963.35 -6073.89 -6257.23 -6307.04 -6363.73 -6402.75 -6407.17 -6395.5 -6317.65 -6115.04 -6013.19 -5814.72 -5797.59 -5920.97 -5971.61 -5990.07 -6059.1 -6062.57 -5869.04 -5777.42 -5784.95 -5849.24 -5915.06 -6053.56 -6193.13 -6318.17 -6347.45 -6284.05 -6279.96 -6366.54 -6474.35 -6485.87 -6443.71 -6428.35 -6382.71 -6338.93 -6368.01 -6375.83 -6367.81 -6499.64 -6568.76 -6406.27 -6166.16 -6001.99 -5822.51 -5829.78 -5864.42 -5947.04 -6101.55 -6152.45 -6169.09 -6137.25 -6112.09 -6026.53 -5899.8 -5802.36 -5868.42 -5872.35 -5893.13 -5878.27 -5826.56 -5737.74
-5746.55 -5749.52 -5739.85 -5934.26 -6052.4 -6150.72 -6165.34 -6351.65 -6394.18 -6432.68 -6455.49 -6354.14 -6216.37 -6117.29 -5785.16 -5817.77 -5969.52 -6061.12 -6003.54 -5996.56 -5842.69 -5772.51 -5654.54 -5650.23 -5786.58 -5897.85 -6046.29 -6203.56 -6333.33 -6335.85 -6247.44 -6236.39 -6317.99 -6366.58 -6423.56 -6475.86 -6484.62 -6456.36 -6353.52 -6244.77 -6175.68 -6282.09 -6384.15 -6542.71 -6433.31 -6234.63 -5962.52 -5774.49 -5757.52 -5734.11 -5838.01 -5944.68 -5917.37 -5959.1 -5967.61 -5942.59 -5861.59 -5730.54 -5713.44 -5513.31 -5562.01 -5690.09 -5689.22 -5657.41 -5636.92
-5852.28 -5798.05 -5793.12 -5965.65 -6016.77 -6103.4 -6117.59 -6280.17 -6376.87 -6389.97 -6385.23 -6342.8 -6246.67 -6198.84 -5881.54 -5910.06 -6086.2 -6171.91 -6181.96 -5943.61 -5760.88 -5689.83 -5639.49 -5679.66 -5805.35 -5893.23 -6021.2 -6166.67 -6274.77 -6289.14 -6218.51 -6171.91 -6194.41 -6268.8 -6397.66 -6515.59 -6556.75 -6406.57 -6278.58 -6211.29 -6062.3 -6092.16 -6431.05 -6438.11 -6435.04 -6276.62 -6036.82 -5850.55 -5766.59 -5654.18 -5617.02 -5660.18 -5723.45 -5776.32 -5864.07 -5876.69 -5780.29 -5795.67 -5707.89 -5545.72 -5441.96 -5482.23 -5525.83 -5569.67 -5513.79
