data/depth/122Ma_Disc_Pre_Alagoas_Prof.grd
DSAA
91 71
1000000 1090000
7230000 7300000
-7215.85 -4423.69
[rows 29 to 57 of 71, columns 0 to 64 of 91]
-6598.01 -6660.9 -6548.16 -6414.99 -6367.87 -6313.07 -6298.08 -6195.88 -6010.27 -5817.42 -5612.46 -5590.07 -5736.49 -5917.67 -6102.58 -6210.46 -6226.29 -6221.21 -6210.39 -6228.49 -6297.36 -6305.96 -6377.82 -6402.44 -6436.95 -6481.43 -6527.31 -6533.84 -6458.76 -6430.12 -6433.99 -6559.63 -6506.19 -6596.66 -6625.76 -6649.9 -6669.68 -6690.01 -6816.83 -6955.55 -6979.39 -6991.54 -6963.22 -6924.81 -7023 -6992.24 -6809.61 -6803.05 -6716.41 999999 999999 999999 999999 999999 999999 999999 999999 999999 999999 999999 999999 999999 999999 999999 999999
-6591.53 -6659.38 -6507.47 -6394.49 -6299.56 -6235.71 -6217.15 -6161.63 -6051.73 -5960.86 -5851.77 -5837.01 -5910.64 -6074.53 -6196.16 -6272.3 -6243.21 -6228.06 -6200.11 -6180.14 -6227.13 -6279.65 -6347.48 -6376.09 -6433.42 -6468.92 -6449.84 -6503.69 -6466.83 -6449.77 -6479.15 -6546.54 -6601.8 -6557.61 -6600.26 -6700.14 -6712.72 -6709.21 -6742.73 -6878.65 -6947.63 -6963.76 -6916.8 -6883.53 -6904.52 -6917.44 -6736.82 -6723.08 -6662.27 -6599.37 -6535.52 999999 999999 999999 999999 999999 999999 999999 999999 999999 999999 999999 999999 999999 999999
-6551.5 -6554.99 -6499.82 -6340.9 -6242.22 -6134.48 -6157.32 -6152.44 -6124.1 -6131.96 -6111.88 -6038.58 -6045.08 -6140.86 -6219.83 -6291.09 -6251.79 -6234.51 -6209.08 -6172.39 -6259.69 -6324.75 -6353.41 -6376.26 -6429.91 -6458.22 -6489.3 -6474.91 -6422.33 -6363.85 -6398.46 -6454.73 -6557.31 -6563.43 -6623.56 -6682.51 -6719.86 -6759.06 -6777.55 -6817.15 -6894.85 -6911.66 -6871.92 -6828.41 -6793.47 -6851.68 -6681.87 -6750.32 -6690.92 -6610.93 -6464.97 -6412.52 -6712.56 999999 999999 999999 999999 999999 999999 999999 999999 999999 999999 999999 999999
-6472.98 -6515.04 -6476.31 -6288.07 -6155.39 -6107.47 -6107.23 -6113.97 -6152.2 -6180.93 -6119.76 -6044.58 -6046.8 -6166.92 -6227.91 -6251.27 -6261.36 -6295.07 -6284.47 -6272.62 -6345.48 -6374.77 -6393.71 -6399.94 -6425.71 -6456.51 -6498.72 -6443.14 -6412.41 -6373.5 -6408.84 -6533.68 -6613.22 -6670.15 -6647.13 -6671.93 -6756.64 -6764.38 -6740.13 -6770.1 -6845.92 -6859.52 -6810.29 -6760.68 -6774.51 -6843.77 -6713.47 -6779.24 -6772.93 -6650.08 -6423.53 -6481.04 -6671.74 -6784.44 -6902.34 999999 999999 999999 999999 999999 999999 999999 999999 999999 999999
-6344.04 -6356.14 -6338.81 -6222.39 -6075.8 -6013 -6007.79 -6013.14 -6042.64 -6120.14 -6075.41 -6033 -5999.29 -6013.53 -6149.06 -6210.87 -6275.54 -6344.78 -6362.38 -6430.26 -6425.48 -6423.4 -6441.98 -6451.14 -6462.26 -6479.9 -6512.74 -6497.9 -6448.63 -6346.84 -6321.67 -6435.43 -6469.07 -6517.23 -6588.89 -6557.31 -6658.46 -6689.52 -6699.94 -6735.81 -6770.21 -6821.72 -6765.61 -6721.29 -6704.02 -6739.15 -6765.3 -6776.23 -6774.95 -6742.39 -6557.92 -6581.97 -6677.5 -6771.9 -6814.98 -6683.82 -6693.25 999999 999999 999999 999999 999999 999999 999999 999999
-6224.87 -6174.13 -6101.48 -5945.75 -5912.42 -5898.39 -5855.9 -5884.87 -5940.37 -5990 -5983.28 -5953.57 -5929.13 -5949.73 -6102.47 -6188.77 -6263.35 -6319.1 -6385.48 -6472.25 -6476.52 -6446.2 -6454.78 -6466.59 -6492.33 -6517.57 -6515.52 -6509.95 -6377.59 -6311.42 -6273.41 -6281.35 -6335.74 -6418.05 -6441.9 -6555.59 -6566.31 -6581.33 -6678.11 -6726.16 -6768.56 -6785.61 -6782.3 -6729.12 -6706.43 -6737.19 -6755.02 -6781.85 -6822.46 -6839.46 -6740.93 -6692.07 -6673.9 -6648.94 -6582.22 -6578.39 -6633.8 -6692.86 -6971.72 999999 999999 999999 999999 999999 999999
-6043.55 -5964.52 -5795.87 -5652.9 -5741.28 -5726.41 -5711.58 -5766.57 -5818.97 -5834.91 -5840.92 -5890.01 -5906.78 -5939.98 -6026.91 -6144.8 -6206.84 -6239.2 -6335.9 -6411.07 -6413.12 -6393.73 -6425.53 -6489.34 -6521.94 -6553.34 -6530.51 -6565.65 -6454.06 -6356.64 -6149.44 -6149.71 -6261.98 -6290.97 -6368.55 -6433.8 -6539.46 -6521.86 -6559.52 -6717.78 -6745.15 -6760.81 -6803.02 -6788.21 -6737.94 -6784.78 -6789.51 -6809.08 -6840.03 -6814.06 -6757.77 -6717.2 -6666.63 -6566.4 -6540.3 -6563.42 -6644.29 -6778.18 -6955.27 -6996.34 999999 999999 999999 999999 999999
-5936.34 -5637.04 -5508.38 -5419.02 -5530.47 -5610.81 -5658.08 -5565.47 -5669.18 -5665.8 -5664 -5751.74 -5853.74 -5932.8 -6025.73 -6121.13 -6178.01 -6210.84 -6226.26 -6299.16 -6324.81 -6306.72 -6414.1 -6507.36 -6553.02 -6589.76 -6570.39 -6608.78 -6546.91 -6478.68 -6294.71 -6087.77 -6122.81 -6160.41 -6244.46 -6344.8 -6420.39 -6467.12 -6518.89 -6645.95 -6723.11 -6749.35 -6787.36 -6816.36 -6799.77 -6766.9 -6808.37 -6846.24 -6813.39 -6764.4 -6716.12 -6712.42 -6713.63 -6677.27 -6559.26 -6549.48 -6615.2 -6805.71 -6912.58 -6957.42 -6988.58 -6994.82 -6865.72 999999 999999
-5890.18 -5585.15 -5342.78 -5309.03 -5343.87 -5468.66 -5524.59 -5485.62 -5476.75 -5479.11 -5488.55 -5575.86 -5716.95 -5879.51 -5992.66 -6105.15 -6149.22 -6145.05 -6194.22 -6212.52 -6251.79 -6293.57 -6374.85 -6469.61 -6534 -6603.93 -6593.35 -6561.06 -6698.42 -6688.31 -6612.92 -6218.23 -5984.63 -5980.01 -6135.01 -6220.46 -6350.04 -6387.52 -6498.34 -6574.65 -6655.88 -6757.82 -6715 -6775.58 -6727.5 -6739.34 -6787.31 -6845.06 -6809.62 -6710.71 -6675.66 -6672.47 -6698.45 -6665.73 -6612.41 -6561.2 -6571.56 -6746 -6842 -6912.2 -6948.84 -6894.87 -6751.31 -6605.62 999999
-5846.26 -5653.53 -5366.17 -5308.94 -5334.3 -5351.45 -5401.69 -5452.79 -5427.44 -5403.52 -5372.01 -5415.99 -5578.4 -5801.39 -5967.75 -6129.66 -6149.1 -6167.63 -6173.91 -6191.45 -6206.47 -6285.56 -6352.62 -6429.52 -6475.7 -6571.81 -6600.35 -6618.06 -6703.34 -6737.38 -6578.32 -6419.32 -6009.18 -5879.39 -5996.54 -6132.59 -6244.1 -6328.7 -6436.58 -6505.55 -6549.71 -6712.28 -6805.46 -6775.27 -6628.33 -6676.47 -6738.92 -6810.76 -6729.89 -6670.75 -6643.84 -6621.89 -6613.84 -6594.09 -6561.44 -6535.27 -6623.85 -6677.72 -6783.73 -6857.42 -6879.17 -6825.78 -6735.74 -6620.46 -6453.08
-5680.81 -5530.07 -5474.5 -5447.76 -5395.23 -5365.85 -5366.43 -5358.17 -5413.91 -5389.79 -5405.39 -5420.99 -5559.91 -5701.06 -5884.13 -6006.7 -6066.05 -6114.52 -6176.27 -6198.8 -6205.88 -6277.16 -6324.82 -6386.94 -6422.29 -6537.03 -6599.1 -6644.32 -6628.2 -6634.11 -6570.78 -6518.2 -6192.69 -5902.8 -5985.32 -6130.59 -6209.64 -6240.07 -6274.57 -6348.89 -6388.88 -6575.59 -6672.75 -6735.68 -6680.62 -6541.73 -6560.66 -6610.13 -6580.55 -6545.02 -6533.34 -6518.97 -6550.41 -6548.14 -6542.28 -6529.34 -6567.22 -6642.15 -6742.77 -6824.43 -6850.32 -6795.48 -6763.23 -6705.59 -6516.83
-5500.84 -5534.59 -5586.01 -5510.8 -5507.03 -5502.34 -5384.33 -5400.34 -5459.86 -5476.96 -5504.73 -5543.18 -5655.15 -5741.82 -5823.28 -5840.83 -5900.12 -5994.97 -6133.85 -6187.17 -6223.17 -6264.77 -6337.68 -6390.15 -6457.27 -6535.43 -6614.93 -6705.77 -6613.82 -6499.74 -6369.03 -6423.37 -5946.14 -6043.03 -6068.34 -6135.94 -6177.72 -6157.94 -6191.15 -6198.65 -6220.05 -6331.99 -6539.08 -6687.56 -6715.46 -6718.21 -6504.92 -6441.82 -6440.59 -6472.13 -6412.75 -6454.35 -6490.27 -6519.27 -6542.94 -6537.07 -6564.88 -6672.03 -6755.3 -6812.34 -6791.91 -6805.26 -6788.09 -6783.76 -6612.62
-5579.23 -5604.05 -5623.67 -5549.54 -5577.85 -5666.3 -5635 -5479.11 -5494.54 -5520.28 -5570.63 -5687.08 -5813.08 -5951.63 -5848.88 -5763.92 -5790.69 -6008.54 -6091.8 -6161.23 -6184.79 -6233.09 -6357.64 -6419.54 -6494.01 -6554.54 -6638.68 -6676.08 -6558.27 -6409.63 -6193.74 -5912.8 -6035.91 -6064.91 -6070.58 -6066.35 -6131.32 -6122.31 -6120.56 -6104.72 -6091.09 -6093.43 -6338.3 -6572.72 -6712.14 -6763.59 -6891.65 -6722.02 -6537.88 -6388.7 -6368.05 -6401.04 -6459.74 -6493.79 -6524.83 -6563.02 -6622.83 -6706.06 -6772.51 -6802 -6784.04 -6784.38 -6845.23 -6761.82 -6682.14
-5622.95 -5666.22 -5684.45 -5745.77 -5744.06 -5754.01 -5792.37 -5751.75 -5630.44 -5622.35 -5712.43 -5811.58 -5975.82 -6066.01 -5984.04 -5783.86 -5829.4 -6050.45 -6110.09 -6165.32 -6185.58 -6196.44 -6304.78 -6369.75 -6458.41 -6553.56 -6613.35 -6608.37 -6524.42 -6342.26 -6111.78 -5980.81 -5932.1 -5929.38 -5987.2 -5985.4 -6072.29 -6044.86 -6029.1 -6011.39 -6031.79 -6098.26 -6199.88 -6348.65 -6608.45 -6652.15 -6728.89 -6674.85 -6641.64 -6440.42 -6330.18 -6360.37 -6440.64 -6508.34 -6588.51 -6629.04 -6685.05 -6750.15 -6779.09 -6772 -6738.35 -6731.98 -6740.56 -6687.45 -6495.47
-5677.53 -5696.14 -5748.16 -5786.94 -5873.94 -5917.28 -5985.32 -6019.9 -5894.22 -5784.11 -5824.78 -5936.35 -6042.11 -6110.51 -6041.52 -5928.37 -6051.52 -6141.68 -6132.85 -6172.45 -6197.43 -6185.1 -6173.68 -6221.45 -6362.11 -6504.7 -6548.15 -6527.75 -6414.94 -6248.63 -6110.73 -6018.92 -5992.24 -5978.77 -5965.26 -5930.49 -5882.84 -5858.16 -5940.32 -5967.05 -6030.01 -6128.06 -6195.4 -6233.35 -6357.5 -6586.35 -6664.9 -6549.9 -6503.07 -6335.34 -6256.87 -6276.64 -6438.93 -6536.34 -6616.95 -6674.57 -6764.45 -6788.89 -6786.45 -6726.13 -6712.04 -6674.19 -6643.11 -6510.7 -6364.42
-5709.86 -5768.61 -5847.46 -5912.65 -6005.67 -6068.92 -6165.51 -6233.33 -6161.79 -5991.25 -5937.88 -5995.38 -6078.97 -6148.51 -6164.37 -6078.93 -6112.9 -6199.79 -6166.41 -6155.14 -6156.01 -6119.68 -6042.85 -6079.13 -6247.33 -6371.5 -6427.55 -6375.82 -6281.12 -6156.36 -6090.48 -6065.02 -6059.03 -6057.21 -6044.89 -5934.95 -5842.62 -5763.84 -5822 -5903.74 -6026.1 -6171.28 -6234.56 -6272.59 -6269.52 -6441.27 -6457.8 -6394.18 -6300.43 -6264.76 -6237.18 -6249.88 -6432.49 -6536.29 -6662.82 -6726.21 -6795.46 -6804.68 -6766.57 -6722.15 -6701.08 -6628.51 -6562.63 -6459.87 -6166.78
-5749.6 -5799.13 -5961.58 -6003.93 -6082.91 -6193.44 -6306.57 -6312.74 -6226.05 -6111.59 -6050.57 -6116.08 -6170.68 -6235.26 -6279.22 -6235.07 -6221.22 -6270.66 -6306.72 -6242.64 -6214.83 -6084.39 -5951.26 -5888.62 -6061.1 -6190.53 -6202.44 -6177.93 -6155.17 -6154.56 -6100.98 -6100.46 -6118.43 -6119.01 -6095.49 -5952.36 -5805.07 -5700.02 -5759.58 -5908.52 -6096 -6256.04 -6337.86 -6384.43 -6347.67 -6439.13 -6442.69 -6328.47 -6258.74 -6223.5 -6222.87 -6315.95 -6390.21 -6523.19 -6683.17 -6787.18 -6854.84 -6805.69 -6726.29 -6747.27 -6659.45 -6609.78 -6495.83 -6436.36 -6204.25
-5811.55 -5867.44 -6025.77 -6069.78 -6159.27 -6252.05 -6340.42 -6313.34 -6226.96 -6132.69 -6090.93 -6140.63 -6234.53 -6312.41 -6333.48 -6278.41 -6226.86 -6282.59 -6351.82 -6423.55 -6358.24 -6185.6 -5851.3 -5698.97 -5783.82 -5903.82 -5969.61 -6006.12 -6060 -6108.6 -6089.3 -6095.28 -6109.18 -6120.79 -6051.54 -5899.92 -5763.91 -5631.28 -5705.58 -5916.57 -6149.23 -6264.24 -6353.7 -6388 -6408.06 -6508.37 -6417.09 -6368.43 -6288.78 -6207.51 -6222.57 -6303.09 -6432.38 -6515.87 -6639.8 -6779.4 -6838.01 -6756.85 -6725.5 -6806.19 -6670.29 -6577 -6526.27 -6438.68 -6249.58
-5762.86 -5944.06 -6082.69 -6148.21 -6265.74 -6321.4 -6317.71 -6314.83 -6215.81 -6112.95 -6085.03 -6114.25 -6228.82 -6362.73 -6383.77 -6302.83 -6299.53 -6273.35 -6361.18 -6458.95 -6396.89 -6284.95 -5911.69 -5658.09 -5551.06 -5624.42 -5740.27 -5880.34 -5977.01 -6048.36 -6040.95 -6084.06 -6117.23 -6087.58 -5990.08 -5799.54 -5687.71 -5672.16 -5750.6 -5891.12 -6077.26 -6223.53 -6300.89 -6381.67 -6553.01 -6632.27 -6574.39 -6394.16 -6258.46 -6208.56 -6220.34 -6349.91 -6431.06 -6552.42 -6663.25 -6765.1 -6782.57 -6694.6 -6760.24 -6752.15 -6649.87 -6636.21 -6569.43 -6458.62 -6294.33
-5883.36 -5935.57 -6121.07 -6227.59 -6340.29 -6314.47 -6331.71 -6289.05 -6197.76 -6069.21 -6079.9 -6136.71 -6218.59 -6268.42 -6483.88 -6404.07 -6321.53 -6316.92 -6318.07 -6378.87 -6411.25 -6290.08 -6029.33 -5727.38 -5566.06 -5554.24 -5622.07 -5782.42 -5832.66 -5904.74 -5976.74 -6019.09 -6137.97 -6150.69 -6071.8 -5845.23 -5654.84 -5670.83 -5754.3 -5883.9 -6045.52 -6183.51 -6230.92 -6436.9 -6645.7 -6773.65 -6667.2 -6264.86 -6204.12 -6185.07 -6275 -6352.66 -6452.26 -6576.08 -6683.61 -6760.26 -6756.61 -6708.68 -6735 -6747.17 -6640.98 -6507.3 -6545.77 -6518.72 -6350.91
-5825.32 -5948.81 -6084.33 -6201.72 -6335.05 -6412.41 -6381.87 -6324.73 -6176.81 -6106.25 -6089.66 -6153.53 -6192.86 -6218.2 -6279.24 -6370.45 -6317.48 -6314.18 -6337.34 -6302.63 -6339.67 -6299.65 -6178.93 -5847.81 -5757.14 -5757.27 -5815.29 -5781.16 -5842.11 -5817.54 -5924.72 -6184.31 -6273.76 -6267.96 -6170.01 -6023.03 -5780.79 -5728.11 -5794.95 -5857.86 -6028.08 -6149.1 -6303.77 -6628.09 -6739.16 -6826.46 -6509.22 -6165.16 -6122.33 -6181.56 -6304.72 -6376.36 -6491.91 -6625.96 -6732.13 -6777.33 -6747.01 -6734.71 -6733.13 -6593.96 -6537.53 -6449.03 -6545.58 -6522.75 -6405.14
-5953.22 -6012.71 -6085.31 -6271.69 -6362.82 -6381.41 -6346.18 -6308.79 -6269.35 -6207.63 -6169.59 -6150.9 -6145.43 -6194.6 -6205.69 -6260.54 -6228.72 -6220.86 -6224.28 -6222.43 -6277.57 -6268.02 -6122.79 -6046.25 -5901.11 -5879.45 -5870.72 -5865.35 -5927.99 -6000.54 -6136.76 -6338.98 -6355.17 -6314.98 -6198.68 -6003.54 -6041.86 -6134.33 -6060.91 -6006.06 -6096.09 -6264.48 -6436.73 -6628.72 -6719.45 -6559.98 -6405.98 -6177.82 -6108.96 -6200.17 -6289.4 -6457.12 -6558.06 -6671.8 -6757.1 -6758.93 -6755.7 -6744.48 -6724.88 -6624.25 -6538.02 -6470.02 -6580.55 -6527.56 -6380.34
-6032.23 -6121.31 -6250.15 -6407.77 -6375.85 -6371.52 -6368.31 -6312.59 -6285.63 -6285.08 -6282.29 -6190.26 -6129.93 -6157.11 -6124.62 -6122.12 -6132.59 -6056.23 -6137.05 -6172.07 -6224.56 -6218.01 -6178.64 -6089.04 -5992.69 -5986.48 -5998.46 -6015.98 -6051.8 -6093.81 -6285.69 -6391.47 -6394.92 -6374.02 -6303 -6186.88 -6296.23 -6389.47 -6409.29 -6235.13 -6186.68 -6387.19 -6555.66 -6663.99 -6658.82 -6620.43 -6459.76 -6310.79 -6120.58 -6275.2 -6395.38 -6511.99 -6588.68 -6694.49 -6743.62 -6740.86 -6743.3 -6728.26 -6698.1 -6606.43 -6519.43 -6532.05 -6592.27 -6481.33 -6369.75
-6188.19 -6168.07 -6329.57 -6385.8 -6463.4 -6487.46 -6392.48 -6359.17 -6350.95 -6349.07 -6330.52 -6275.89 -6117.89 -6093.72 -6074.04 -6068.02 -6017.26 -6005.2 -6141.26 -6170.61 -6191.65 -6164.02 -6157.6 -6085.78 -5987.61 -5925.82 -6016.58 -6134.23 -6188.6 -6259.78 -6320.56 -6497.78 -6467.15 -6446.2 -6413.26 -6388.92 -6427.09 -6495.63 -6459.66 -6423.97 -6356.97 -6488.44 -6639.06 -6706.71 -6672.53 -6560.52 -6432.79 -6282.9 -6175.08 -6217.53 -6367.64 -6512.95 -6607.26 -6687.46 -6709.41 -6720.81 -6734.18 -6724.71 -6670.56 -6566.76 -6519.12 -6508.41 -6498.66 -6402.84 -6238.41
-6146.6 -6158.9 -6299.55 -6474.59 -6585.33 -6656.27 -6439 -6417.16 -6415.93 -6448.43 -6452.81 -6342 -6213.03 -6100.2 -6041.46 -6044.09 -6061.59 -6075.48 -6142.81 -6248.63 -6235.7 -6154.57 -6098.95 -6004.14 -5875.47 -5941.03 -6045.81 -6198.1 -6304.5 -6397.07 -6420.89 -6521.63 -6509.14 -6471.15 -6518.56 -6509.03 -6488.28 -6509.28 -6586.59 -6443.76 -6497.24 -6567.73 -6679.09 -6695.58 -6604.04 -6474.7 -6322.11 -6207.92 -6196.51 -6204.01 -6306.75 -6472.32 -6575.36 -6600.08 -6632.79 -6667.34 -6697.83 -6632.32 -6539.69 -6471.53 -6444.59 -6439.46 -6368.74 -6249.72 -6163.3
-6148.22 -6138.09 -6274.76 -6459.97 -6669.49 -6687.37 -6520.54 -6497.29 -6491.27 -6564.53 -6615.85 -6533.49 -6315.06 -6214.97 -6044.43 -6005.65 -6027.55 -6067.49 -6135.15 -6273.13 -6272.4 -6152.69 -6016.82 -5909.78 -5868.42 -5930.02 -6101.29 -6254.13 -6383.09 -6488.14 -6486.4 -6461.47 -6494.89 -6535.94 -6561.62 -6588.76 -6556.25 -6518.77 -6508.22 -6536.04 -6558.12 -6608.59 -6664.66 -6718.59 -6502.14 -6398.19 -6245.64 -6108.22 -6071.67 -6144.25 -6253 -6365.31 -6434.74 -6494.22 -6530.91 -6539.23 -6502.8 -6423.97 -6303.35 -6326.42 -6357.35 -6277.83 -6217.6 -6122.7 -6026.24
-6111.95 -6140.91 -6230.7 -6438.9 -6526.29 -6600.25 -6560.22 -6551.1 -6603.09 -6665.64 -6711.92 -6641.85 -6413.89 -6287.73 -6069.07 -5979.03 -6085.7 -6138.65 -6160.51 -6238.5 -6255.88 -6080.02 -5998.69 -5922.02 -5866.93 -5942.65 -6162.58 -6328.35 -6454.1 -6499.67 -6481.74 -6470.84 -6455.54 -6541.06 -6582.22 -6583.88 -6557.98 -6511.06 -6473.26 -6512.87 -6565.87 -6557.75 -6578.63 -6582.85 -6441.35 -6314.47 -6165.03 -5984.96 -5992.11 -6027.42 -6104.87 -6252.63 -6321.59 -6348.65 -6323.11 -6314.24 -6252.09 -6140.39 -6079.94 -6153.71 -6124.89 -6069.54 -6036.62 -5985.49 -5908.9
-6182.93 -6199.23 -6227.21 -6437.28 -6543.76 -6516.26 -6456.21 -6574.28 -6599.3 -6644.19 -6731.13 -6637.44 -6481.29 -6356.61 -6017.3 -6018.71 -6149.46 -6239.44 -6191.37 -6200.65 -6057.39 -6008.21 -5911.88 -5909.95 -5949.53 -6046.28 -6244.65 -6406.28 -6516.2 -6547.41 -6455.83 -6424.63 -6435.04 -6481.35 -6645.49 -6703.23 -6697.16 -6614 -6518.37 -6439.21 -6407.19 -6519.38 -6513.1 -6563.08 -6522.77 -6399.28 -6131.63 -5935.42 -5915.26 -5889.79 -5992.47 -6096.28 -6078.82 -6128.34 -6145.14 -6121.24 -6027.69 -5912.79 -5934.19 -5788.44 -5832.46 -5910.24 -5856.18 -5813.06 -5797.71
-6172.39 -6256.15 -6362.51 -6565.28 -6531.36 -6489.6 -6414.16 -6516.5 -6582.43 -6592.35 -6617.26 -6598.54 -6489.97 -6405.54 -6068.41 -6101.23 -6270.43 -6353.17 -6380.29 -6162.29 -5994.87 -5944.11 -5903.41 -5956.91 -6055.24 -6136.78 -6278.48 -6451.01 -6574.41 -6574.26 -6489.3 -6406.75 -6393.74 -6514.38 -6657.09 -6776.55 -6811.48 -6613.03 -6470.92 -6403.1 -6268.99 -6311.7 -6630.72 -6575.38 -6601 -6439.42 -6192.56 -6001.15 -5918.28 -5806.95 -5771.59 -5819.15 -5885.8 -5940.75 -6030.53 -6041.39 -5944.91 -5974.72 -5925.3 -5791.47 -5689.15 -5699.6 -5682.56 -5700.39 -5663.28
