data/depth/124Ma_Disc_Pre_Jiquia_Prof (Dominio Corrigido).grd
DSAA
91 71
1000000 1090000
7230000 7300000
-8133.32 -5043.49
[rows 29 to 57 of 71, columns 0 to 64 of 91]
-6827.13 -6874.57 -6818.76 -6722.73 -6605.18 -6422.76 -6335.16 -6384.65 -6521.75 -6605.69 -6577.87 -6509.4 -6669.84 -6741.34 -6759.53 -6721.58 -6704.9 -6715.39 -6723.62 -6746.1 -6776.41 -6794.96 -6819.91 -6770.09 -6756.11 -6810.02 -6875.51 -6909.29 -6951.11 -7001.42 -7061.6 -7121.45 -6972.25 -6978.91 -6947.46 -6888.3 -6907.23 -6991.32 -7123.45 -7203.88 -7132.33 -7100.72 -7099.14 -7077.18 -7125.8 -7214.15 -7109.11 -6935.23 -6903.37 999999 999999 999999 999999 999999 999999 999999 999999 999999 999999 999999 999999 999999 999999 999999 999999
-6797.94 -6869.82 -6735.65 -6573.03 -6385.39 -6245.71 -6227.15 -6289.71 -6403.14 -6444.7 -6406.97 -6556.21 -6743.42 -6814.46 -6798.35 -6792.91 -6760.24 -6757.38 -6731.42 -6742.07 -6738.3 -6715.54 -6730.31 -6711.3 -6742.27 -6809.3 -6883.47 -7019.06 -7076.94 -7140.23 -7156.85 -7077.81 -6989.26 -6859.58 -6847 -6923.85 -6933.26 -6975.83 -7051.86 -7098.2 -7113.96 -7105.59 -7091.48 -7067.64 -7120.95 -7304.57 -7354.73 -7154.29 -7013.24 -6970.31 -6949.5 999999 999999 999999 999999 999999 999999 999999 999999 999999 999999 999999 999999 999999 999999
-6698.92 -6742.91 -6667.96 -6434.02 -6254.69 -6144.48 -6181.03 -6263.6 -6322.52 -6332.22 -6423.42 -6505.48 -6602.3 -6779.37 -6801.6 -6857.39 -6850.73 -6790.66 -6745.7 -6696.09 -6703.41 -6697.91 -6663.48 -6670.97 -6742.47 -6841.76 -6965.48 -7103.26 -7207.45 -7110.8 -7112.45 -6980.94 -6826.95 -6740.95 -6808.72 -6865.47 -6909.71 -6930.95 -7005.12 -7018.63 -7053.28 -7053.13 -7051.96 -7054.5 -7104.17 -7323.83 -7405.97 -7369.42 -7114.87 -7046.05 -6979.93 -6978.73 -7078.13 999999 999999 999999 999999 999999 999999 999999 999999 999999 999999 999999 999999
-6503.58 -6607.02 -6576.88 -6338.34 -6165.39 -6117.47 -6165.6 -6276.22 -6364.96 -6383.81 -6411.11 -6446.59 -6542.41 -6684.7 -6764.85 -6831.21 -6896.6 -6788.13 -6703.73 -6672.65 -6713.66 -6658.99 -6634.68 -6665.23 -6762.71 -6878.08 -6999.57 -7060.51 -7118.19 -7008.81 -6945.86 -6803.13 -6623.22 -6718.43 -6772.37 -6786.7 -6837.05 -6873.82 -6912.61 -6940.46 -6994.38 -6971.95 -6984.32 -6994.19 -7096.68 -7298.43 -7310.04 -7294.56 -7203.83 -7085.65 -6966.34 -6974.7 -7055.08 -7098.63 -7156.01 999999 999999 999999 999999 999999 999999 999999 999999 999999 999999
-6361.16 -6370.4 -6389.91 -6311.4 -6150.09 -6071.75 -6168.95 -6267.14 -6334.14 -6400.72 -6372.2 -6364.85 -6420.43 -6481.28 -6591.54 -6629.17 -6685.97 -6618.27 -6570.14 -6758.43 -6729.01 -6618.08 -6580.57 -6689.22 -6843.6 -6947.02 -6986.79 -7032.11 -7031.52 -6864.12 -6710.47 -6445.43 -6490.56 -6579.03 -6703.21 -6669.95 -6726.74 -6821.94 -6848.29 -6882.16 -6903.46 -6943.2 -6923.9 -6945.88 -6995.37 -7081.86 -7183.31 -7199.18 -7148.96 -7037.96 -6979.95 -6950.18 -7003.64 -7080.53 -7154.2 -6814.84 -6739 999999 999999 999999 999999 999999 999999 999999 999999
-6309.96 -6206.22 -6236.55 -6189.58 -6127.98 -6103.59 -6134.86 -6246.72 -6338.95 -6345.25 -6276.55 -6246.5 -6249.41 -6356.29 -6435.45 -6470.45 -6451.86 -6433.38 -6538.01 -6769.62 -6755.61 -6670.3 -6641.95 -6809.6 -6946.66 -7037.34 -7023.76 -7026.21 -6892.68 -6770.65 -6517.87 -6317.59 -6394.74 -6444.31 -6474.66 -6567.3 -6649.24 -6714.37 -6803.99 -6839.68 -6844.07 -6851.13 -6890.87 -6921.23 -6989.27 -7031.6 -7069.83 -7115.88 -7082.56 -6959.78 -6930.07 -6937.14 -6916.19 -6957.71 -6889.05 -6800.73 -6790.6 -6824.11 -7094.85 999999 999999 999999 999999 999999 999999
-6134.44 -6005.17 -6014.76 -6155.51 -6153.9 -6060.22 -6079.46 -6183.05 -6266.3 -6236.78 -6159.79 -6140.91 -6144.88 -6209.13 -6263.94 -6286.06 -6237.17 -6253.53 -6379.44 -6526.86 -6663.65 -6680.32 -6772.12 -6957.52 -7095.83 -7120.55 -7097.04 -7065.53 -6899.51 -6811.81 -6554.66 -6326.03 -6352.38 -6341.84 -6393.68 -6453.49 -6549.46 -6657.67 -6747.32 -6787.15 -6776.88 -6808.38 -6866.69 -6910.65 -6947.28 -7030.39 -7032.25 -7039.75 -7015.84 -6937.33 -6912.59 -6887.9 -6808.12 -6828.4 -6832.65 -6857.44 -6886.69 -6936.79 -7103.08 -7269.05 999999 999999 999999 999999 999999
-6034.97 -5781.59 -5895.41 -5972.77 -6034.77 -6028.15 -6052.26 -5993.46 -6124.91 -6094.66 -6028.25 -6046.77 -6090.03 -6151.26 -6188.04 -6200.52 -6208.9 -6236.79 -6268.95 -6383.73 -6478.22 -6636.09 -6903.87 -7096.77 -7165.78 -7192.49 -7165.94 -7106.42 -6953.97 -6899.21 -6784.93 -6403.12 -6298.84 -6203.1 -6254.46 -6354.8 -6441.68 -6532.46 -6670.52 -6744.5 -6765.63 -6768.56 -6828.7 -6835.42 -6932.51 -6979.42 -7009.69 -7012.36 -6967.72 -6905.03 -6862.36 -6862.66 -6833.14 -6824.87 -6847.46 -6881.6 -6931.3 -7050.44 -7145.35 -7273.64 -7426.98 -7433.83 -7041.79 999999 999999
-6028.92 -5957.61 -6031.39 -5957.38 -5912.04 -5930.03 -5966.65 -5947.2 -5930.01 -5944.88 -5935.91 -5979.49 -5997.86 -6100.15 -6133.99 -6146.46 -6189.08 -6182.71 -6230.28 -6256.95 -6341.46 -6527.36 -6841.64 -7121.99 -7195.84 -7241.32 -7222.09 -7059.3 -6996.19 -6941.27 -7038.81 -6618.47 -6342.36 -6206.43 -6172.98 -6263.82 -6402.32 -6466.97 -6515.1 -6624.11 -6692.72 -6810.25 -6798.98 -6851.77 -6943.65 -6941.58 -6972.04 -6932.7 -6919.04 -6842.59 -6819.24 -6819.69 -6842.42 -6883.02 -6922.03 -6945.21 -6959.28 -7063.53 -7122.82 -7227.47 -7334.99 -7270.82 -6972.23 -6881.05 999999
-6177.56 -6242.8 -6101.91 -5979.9 -5925.74 -5875.89 -5846.27 -5903.86 -5872.35 -5848.01 -5815.35 -5833.38 -5946.8 -6100.45 -6158.12 -6172.87 -6203.43 -6214.28 -6216.39 -6229.74 -6272.21 -6532.86 -6827.1 -7137.03 -7213.79 -7272.47 -7246.85 -7155.9 -6985.47 -6936.3 -6992.12 -6827.23 -6461.15 -6320.36 -6290.33 -6313.27 -6381.8 -6405.6 -6453.69 -6563.09 -6630.58 -6834 -6999.8 -7155.25 -6884.42 -6849.21 -6833.87 -6832.58 -6809.36 -6783.08 -6787.41 -6798.06 -6795.07 -6852.91 -6902.55 -6976.13 -7088.79 -7054.8 -7075.94 -7131.96 -7233.06 -7205.61 -7042.58 -6971.04 -6835.65
-6177.61 -6219 -6179.65 -6119.38 -6002.97 -5955.76 -5873.87 -5824.73 -5823.35 -5778.17 -5791.56 -5777.54 -5880.64 -6085.58 -6276.35 -6250.77 -6235.67 -6238.62 -6245.74 -6235.86 -6298.57 -6537.89 -6791.75 -7040.96 -7132.64 -7195.16 -7136.41 -7043.77 -6924.63 -6913.34 -6987.82 -6985.99 -6795.16 -6496.74 -6417.85 -6459.29 -6523.21 -6532.56 -6482.12 -6537.19 -6573.01 -6808.55 -6996.87 -7125.96 -7046.07 -6747.09 -6590.63 -6655.1 -6646.76 -6634.07 -6655.54 -6691.69 -6768.22 -6819.37 -6914.22 -7012.27 -7071.43 -7050.61 -7047.46 -7086.97 -7228.22 -7272.07 -7189.1 -7144.51 -7078.49
-6048.42 -6193.88 -6247.68 -6158.14 -6147.76 -6058.38 -5914.31 -5864.9 -5854.27 -5812.08 -5814.19 -5809.68 -5886.19 -6139.62 -6296.28 -6286.27 -6248.31 -6270.26 -6335.69 -6302.06 -6395.9 -6547.57 -6778.29 -6938.35 -7032.97 -7008.51 -6936.54 -6825.54 -6804 -6932.35 -6992.88 -7094.46 -6560.9 -6619.88 -6575.19 -6578.41 -6642.62 -6622.66 -6559.69 -6533.1 -6567.57 -6664.27 -6941.33 -7076.19 -7073.54 -6968.96 -6661.82 -6503.86 -6484.89 -6525.65 -6476.34 -6576.47 -6696.33 -6817.56 -6941.95 -7015.98 -7038.81 -7068.68 -7076.21 -7105.89 -7346.35 -7388.97 -7299.21 -7291.48 -7302.13
-5988.38 -6167.25 -6228.25 -6166.34 -6219.51 -6221.1 -6124.58 -5946.56 -5926.59 -5889.68 -5915.37 -6003.76 -6070.92 -6162.17 -6247.24 -6305.75 -6369.77 -6449.55 -6429.6 -6447.01 -6457.14 -6555.86 -6707.99 -6845.72 -6913.23 -6847.62 -6738.27 -6703.89 -6745.89 -6838.34 -6809.76 -6608.6 -6654.68 -6666.04 -6615.01 -6552.47 -6603.39 -6665.12 -6632.32 -6579.44 -6610.32 -6597.37 -6759.16 -6968.05 -7095.68 -7083.55 -7148.88 -6938.17 -6686.73 -6465.47 -6412.46 -6491.57 -6640.2 -6786.14 -6916.75 -6991.63 -7043.2 -7079.23 -7096.25 -7274.23 -7429.71 -7402.55 -7350.69 -7321.91 -7438.03
-6035.55 -6162.35 -6241.87 -6299.71 -6277.32 -6238.66 -6210.97 -6185.23 -6112.69 -6059.06 -6096.63 -6163.8 -6271.9 -6290.01 -6354.65 -6214.52 -6377.83 -6583.72 -6590.7 -6562.25 -6570.24 -6549.66 -6601.52 -6704.05 -6752.97 -6729.94 -6634.65 -6639.97 -6673.34 -6651.78 -6561.28 -6429.39 -6465.99 -6546.39 -6581.72 -6456.26 -6554.41 -6664.35 -6615.37 -6558.49 -6543.87 -6571.05 -6608.07 -6739.08 -7022.06 -7023.79 -7057.33 -6982.22 -6962.09 -6676.58 -6369.98 -6394.64 -6574.94 -6772.56 -6883.3 -6952.94 -7011.3 -7086.2 -7140.92 -7421.07 -7450.22 -7345.02 -7225.98 -7271.18 -7406.29
-6110.61 -6159.24 -6268.59 -6295.67 -6323.8 -6293.85 -6285.22 -6292.04 -6311.78 -6203.34 -6226.74 -6322.7 -6372.73 -6405.68 -6355.93 -6220.97 -6398.81 -6628 -6613.68 -6585.48 -6630.58 -6621.49 -6526.66 -6527.92 -6578.86 -6615.44 -6568.09 -6564.59 -6524.9 -6448.92 -6384.19 -6373.82 -6409.32 -6459.64 -6487.9 -6437.03 -6510.13 -6576.71 -6578.84 -6458.86 -6440.28 -6542.1 -6555.95 -6586.25 -6738.72 -6965.07 -7016.43 -6892.74 -7000.01 -6769.91 -6483.4 -6394.54 -6578.01 -6744.89 -6834.08 -6880.05 -6965.14 -7074.26 -7282.2 -7441.26 -7418.01 -7292.07 -7203.69 -7257.23 -7476.37
-6201.14 -6238.85 -6334.34 -6391.74 -6396.9 -6356.34 -6319.9 -6332.81 -6426.2 -6371.21 -6349.55 -6400.41 -6414.53 -6391.7 -6351.64 -6206.55 -6269.04 -6455.4 -6588.39 -6644.28 -6660.96 -6575.79 -6435.47 -6334.72 -6408.17 -6403.48 -6468.02 -6473.52 -6405.45 -6309.04 -6309.36 -6331.57 -6359.15 -6370.77 -6401.47 -6397.11 -6590.2 -6741.25 -6654.74 -6512.57 -6499.45 -6545.96 -6508.33 -6450.55 -6545.27 -6744.55 -6782.31 -6754.85 -6773.33 -6652.68 -6540.14 -6469.84 -6672.54 -6729.7 -6767.45 -6830.78 -6934.5 -7115.22 -7377.82 -7441.95 -7382.4 -7263.01 -7243.94 -7399.44 -7495.01
-6299.69 -6320.68 -6426.08 -6462.2 -6454.9 -6433.17 -6351.68 -6345.57 -6456.43 -6481.19 -6462.07 -6489.17 -6462.26 -6408.51 -6366.35 -6264.82 -6272.93 -6393.48 -6567.65 -6689.18 -6867.7 -6657.81 -6285.26 -6136.52 -6199.75 -6264.68 -6365.78 -6371.11 -6325.9 -6306.57 -6272.11 -6302.76 -6321.83 -6288.66 -6329.12 -6367.79 -6477.98 -6575.61 -6614.3 -6610.94 -6605.88 -6571.83 -6480.11 -6394.43 -6469.67 -6637.29 -6677.71 -6645.03 -6631.85 -6584.84 -6583.68 -6668.34 -6806.15 -6818.05 -6791.53 -6812.44 -6943.84 -7151.9 -7352.91 -7412.59 -7302.77 -7299.87 -7308.08 -7531.68 -7675.3
-6415.15 -6483.96 -6528.85 -6493.53 -6513.22 -6526.8 -6428.35 -6435.62 -6501.25 -6530.75 -6524.93 -6516 -6523.25 -6455.25 -6358.75 -6293.77 -6256.09 -6336.02 -6483.91 -6716.22 -6920.92 -6689.45 -6380.46 -6147.67 -6098.05 -6166.3 -6208.03 -6322.23 -6321.15 -6251.37 -6261.73 -6273.74 -6250.34 -6224.67 -6245.82 -6279.58 -6277.2 -6189.16 -6316.6 -6519.69 -6644.56 -6570.13 -6469.51 -6398 -6468.34 -6652.02 -6580.12 -6583.9 -6591.97 -6556.44 -6620.25 -6741.85 -6831.01 -6829.65 -6859.23 -6896.15 -7047.47 -7250.75 -7353.29 -7405.68 -7308.46 -7341.92 -7415.85 -7622.46 -7805.54
-6393.53 -6525.43 -6580.21 -6527.98 -6577.36 -6632.5 -6549.23 -6545.05 -6566.08 -6605.63 -6596.45 -6565.47 -6567.64 -6564.87 -6393.77 -6312.83 -6336.54 -6328.89 -6404.27 -6561.99 -6714.23 -6702.86 -6442.3 -6275.43 -6156.54 -6104.4 -6167.5 -6299.23 -6293.63 -6306.43 -6261.75 -6260.62 -6237.67 -6191.44 -6237.82 -6182.08 -6121.03 -6057.67 -6187.81 -6372.34 -6571.14 -6548.52 -6479.13 -6494.56 -6648.71 -6737.71 -6650.74 -6554.27 -6511.65 -6549.99 -6597.1 -6797.47 -6837.4 -6902.11 -6966.76 -7060.98 -7159.41 -7203.68 -7305.18 -7214.55 -7253.06 -7363.02 -7461.53 -7655.34 -7810.9
-6544.45 -6509.84 -6594.79 -6573.37 -6596.74 -6559.79 -6581.85 -6568.93 -6602.3 -6695.73 -6666.96 -6627.51 -6628.85 -6575.58 -6497.32 -6424.62 -6353.28 -6362.69 -6346.1 -6429.89 -6647.52 -6661.48 -6555.24 -6369.05 -6176.02 -6179.05 -6233.63 -6387.08 -6314.17 -6322.37 -6280.89 -6243.07 -6274.67 -6315.05 -6381.42 -6283.99 -6147.68 -6091.18 -6218.13 -6367.16 -6518.61 -6546.03 -6502.23 -6682.88 -6873.73 -6967.74 -6730.1 -6434.05 -6466.7 -6503.22 -6627.86 -6729 -6868.32 -6971.87 -7071.26 -7131.67 -7181.41 -7168.27 -7200.01 -7207.45 -7136.59 -7076.95 -7396.96 -7666.79 -7769.22
-6529.12 -6520.35 -6523.6 -6526.61 -6531.68 -6554.39 -6582.39 -6569.46 -6619.82 -6746.41 -6692.95 -6642.08 -6642 -6653.51 -6570.58 -6477.24 -6393.51 -6370.03 -6410.47 -6466.59 -6581.51 -6642.64 -6623.17 -6395.25 -6221.83 -6201.25 -6323.62 -6386.77 -6492.28 -6475.6 -6295.96 -6385.55 -6394.75 -6408.86 -6504.51 -6548.75 -6510.73 -6356.02 -6345.66 -6383.34 -6508.7 -6549.14 -6629.16 -6896.77 -6980.99 -7026.7 -6670.31 -6369.89 -6382.63 -6493.19 -6662.02 -6745.52 -6897.38 -7044.51 -7112.55 -7134.88 -7111.94 -7133.7 -7151.37 -7030 -7024.62 -6971 -7226.62 -7519.27 -7678
-6602.17 -6520.69 -6459.29 -6534.15 -6537 -6503.39 -6466.43 -6471.15 -6536.27 -6659.34 -6647.36 -6624.87 -6601.09 -6652.94 -6604.76 -6515.63 -6410 -6412.31 -6420.93 -6464.11 -6560.76 -6629.35 -6523.31 -6406.09 -6190.42 -6109.13 -6196.4 -6327.93 -6436.95 -6505.78 -6395.22 -6434.37 -6417.95 -6433.48 -6549.51 -6582.13 -6732.82 -6759.65 -6654.34 -6614.28 -6645 -6687.78 -6740.04 -6811.75 -6867.96 -6717.29 -6574.47 -6434.11 -6407.22 -6511.45 -6599.78 -6782.54 -6934.86 -7082.14 -7121.55 -7063.39 -7070.9 -7078.04 -7066 -7041.91 -7023.63 -7009.33 -7210.14 -7415.29 -7529.2
-6612.69 -6603.25 -6551.89 -6605.01 -6547.51 -6479.01 -6434.04 -6349.49 -6378.98 -6517.9 -6590.28 -6580.38 -6556.2 -6579.6 -6520.83 -6481.37 -6462.73 -6405.94 -6416.36 -6441.54 -6538.29 -6588.15 -6520.03 -6290.26 -6116.06 -6029.97 -6087.37 -6260 -6362.84 -6447.61 -6511.91 -6482.35 -6430.62 -6401.35 -6542.84 -6680.63 -6850.74 -6901.48 -6946.54 -6947.93 -6868.57 -6774.4 -6777.21 -6753.77 -6756.74 -6768.23 -6672.03 -6652.96 -6494.4 -6611.21 -6622.52 -6771.08 -6926.96 -7058.65 -7078.1 -7013.2 -7030.44 -7042.39 -7026.94 -6987.32 -6968.51 -7046.3 -7189.81 -7241.64 -7316.88
-6663.87 -6625.77 -6615.02 -6593.64 -6629.6 -6574.52 -6431.79 -6369.17 -6374.4 -6453.85 -6515.45 -6550.63 -6514.42 -6485.48 -6476.26 -6474.57 -6400.96 -6412.88 -6466.27 -6458.19 -6497.47 -6495.05 -6386.3 -6176.26 -6039.81 -5935.82 -6031.36 -6235.58 -6385.21 -6547.73 -6579.57 -6600.4 -6523.43 -6471.77 -6441.87 -6587.34 -6743.65 -6827.33 -6852.88 -6940.05 -6890.25 -6813.58 -6767.16 -6716.71 -6694.32 -6686.64 -6649.86 -6666.56 -6566.58 -6527.41 -6618.78 -6756.79 -6874.84 -6974.22 -6985.85 -6973.24 -7000.04 -7024.72 -6998.84 -6913.56 -6887.31 -6938.1 -7026.55 -7098.57 -7129.54
-6645.34 -6658.14 -6637.26 -6716.39 -6756.35 -6741.66 -6462.65 -6427.16 -6462.44 -6506.67 -6545.69 -6511.47 -6535.18 -6495.88 -6456.16 -6466.14 -6478.89 -6492.5 -6504.67 -6548.45 -6496.14 -6416.44 -6253.16 -6043.62 -5912.36 -5978.54 -6092.98 -6268.27 -6425.19 -6574.17 -6591.53 -6604.31 -6566.19 -6527.79 -6573.58 -6568.59 -6557.25 -6598.68 -6726.86 -6735.56 -6883.8 -6777.86 -6736 -6736.91 -6644.61 -6573.99 -6539.9 -6582.2 -6577.13 -6480.03 -6514.43 -6632.48 -6748.46 -6841.46 -6872.33 -6909.96 -6969.27 -6955.68 -6860.25 -6750.05 -6713.66 -6743.1 -6820.08 -6901.53 -7023.94
-6663.64 -6663.39 -6706.62 -6725.87 -6803.91 -6697.37 -6538.78 -6532.5 -6531.91 -6625.92 -6673.38 -6643.77 -6582.95 -6582.08 -6467.12 -6444.57 -6467.21 -6490.16 -6533.46 -6558.99 -6491.62 -6399.33 -6136.12 -5940.17 -5899.54 -5968.3 -6142.01 -6301.11 -6455.64 -6522.36 -6565.76 -6526.58 -6546.59 -6584.89 -6618.18 -6641.16 -6592.14 -6571.47 -6597.24 -6667.51 -6720.68 -6679.19 -6711.12 -6762.9 -6555.25 -6472.49 -6433.21 -6414.78 -6362.53 -6347.8 -6365.48 -6424.66 -6570.07 -6695.14 -6773.66 -6820.12 -6857.05 -6743.28 -6599.32 -6562.41 -6538.95 -6508.09 -6630.07 -6726.87 -6830.71
-6615.61 -6668.18 -6701.95 -6698.78 -6617.89 -6611.87 -6570.22 -6601 -6613.52 -6713.55 -6779.7 -6789.73 -6712.91 -6662.39 -6536.54 -6425.73 -6524.17 -6555.65 -6584.12 -6593.77 -6563.93 -6344.85 -6143.55 -5943.21 -5891.92 -5978.68 -6212.89 -6394 -6496.96 -6526.81 -6541.83 -6529.61 -6506.2 -6551.06 -6650.36 -6660.04 -6618.84 -6555.56 -6529.65 -6597.47 -6708.26 -6649.3 -6638.69 -6628.7 -6498.91 -6377.93 -6320.55 -6213.55 -6210.68 -6170.9 -6155.88 -6285.93 -6496.11 -6616.45 -6646.9 -6649.25 -6573.5 -6430.29 -6375.63 -6429.36 -6361.14 -6360.12 -6455.4 -6557.84 -6610.67
-6658.73 -6712.35 -6683.46 -6728.37 -6639.74 -6651.52 -6539.75 -6677.21 -6670.28 -6724.63 -6840.9 -6946.24 -6824.69 -6769.39 -6545.34 -6516.2 -6579.48 -6645.39 -6594.01 -6599 -6450.8 -6343.27 -6148.92 -6034.86 -5959.53 -6087.2 -6298.4 -6478.97 -6546.81 -6607.77 -6515.34 -6462.15 -6459.32 -6517.86 -6710.61 -6809.32 -6761.48 -6670.58 -6638.25 -6727.52 -6778.93 -6820.79 -6555.08 -6611.67 -6580.29 -6480.44 -6271.85 -6143.21 -6095.79 -6023.4 -6058.98 -6193.38 -6441.18 -6600.04 -6585.88 -6455.35 -6348 -6236.03 -6319.62 -6245.11 -6248.99 -6237.04 -6328.91 -6376.52 -6389.77
-6842.41 -6861.6 -6845.1 -6858.1 -6736.61 -6650.96 -6614.29 -6690.43 -6720.65 -6764.18 -6873.14 -7027.93 -6945.49 -6851.72 -6534.84 -6570.94 -6673.55 -6725.08 -6704.36 -6599.35 -6448.96 -6375.3 -6292.66 -6242.13 -6212.74 -6243.82 -6410.68 -6566.88 -6642.83 -6658.74 -6558.87 -6452.04 -6429.7 -6581.47 -6850.35 -7054.54 -7007.72 -6776.87 -6721.25 -6789.96 -6859.1 -6788.77 -6771.41 -6585.38 -6666.78 -6570.33 -6406.26 -6280.06 -6122.82 -5959.4 -5939.95 -6195.44 -6496.19 -6618.59 -6592.8 -6439.26 -6315.55 -6321.59 -6312.67 -6339.43 -6189.47 -6123.57 -6168.31 -6203.94 -6176.8
