data/depth/23Ma_Oligoceno_Indiviso.grd
DSAA
91 71
1000000 1090000
7230000 7300000
-3331.44 -2224.81
[rows 29 to 57 of 71, columns 0 to 64 of 91]
-2511 -2550.85 -2583.8 -2622.97 -2673.85 -2730.03 -2771.8 -2771.66 -2744.35 -2717.95 -2709.88 -2710.7 -2697.5 -2691.83 -2685.81 -2679.63 -2673.79 -2675.46 -2680.38 -2686.17 -2706.93 -2751.9 -2801.15 -2853.09 -2904.07 -2915.85 -2900.63 -2886.88 -2864.67 -2840.89 -2791.57 -2733.19 -2671.18 -2601.69 -2573.66 -2600.2 -2602.88 -2575.64 -2544.87 -2540.01 -2565.24 -2567.89 -2560.98 -2592.14 -2675.15 -2765.75 -2836.68 -2896.57 -2897.33 999999 999999 999999 999999 999999 999999 999999 999999 999999 999999 999999 999999 999999 999999 999999 999999
-2534.1 -2571.89 -2597.99 -2633.31 -2681.91 -2738.02 -2764.48 -2758.64 -2739.94 -2724.76 -2719.81 -2703.99 -2679.43 -2675.05 -2682.48 -2684.06 -2679.38 -2680.93 -2683.02 -2689.48 -2719.46 -2771.4 -2825.1 -2879.18 -2916.36 -2918.74 -2901.69 -2878.36 -2853.29 -2811.65 -2780.87 -2773.4 -2754.95 -2718.08 -2687.9 -2691.01 -2675.96 -2634.54 -2598.47 -2598.47 -2589.51 -2566.22 -2547.17 -2573.91 -2632.37 -2681.1 -2732.35 -2789.89 -2813.85 -2789.22 -2725.09 999999 999999 999999 999999 999999 999999 999999 999999 999999 999999 999999 999999 999999 999999
-2558.53 -2589.6 -2610.69 -2639.08 -2679.68 -2725.88 -2746.1 -2739.94 -2730.34 -2724.89 -2722.07 -2714.71 -2705.3 -2698.15 -2701.79 -2693.93 -2690.23 -2691.43 -2692.02 -2703.8 -2742.7 -2794.26 -2845.99 -2894.13 -2917.22 -2915.84 -2900.79 -2875.09 -2852.65 -2822.69 -2800.03 -2817.81 -2850.55 -2857.98 -2840.64 -2824.26 -2792.49 -2749.62 -2706.5 -2682.75 -2656.39 -2618.62 -2594.66 -2613.69 -2641.23 -2651.98 -2679.44 -2738.98 -2765.85 -2751.61 -2697.09 -2648.93 -2631.19 999999 999999 999999 999999 999999 999999 999999 999999 999999 999999 999999 999999
-2579.93 -2606.71 -2618.28 -2637.06 -2661.16 -2691.96 -2709.18 -2712.19 -2714.65 -2718.2 -2721.17 -2725.07 -2733.93 -2745.96 -2741.96 -2718.85 -2710.92 -2711.8 -2709.28 -2729.97 -2772.53 -2820.41 -2866.52 -2903.95 -2917.89 -2917.5 -2904.58 -2879.82 -2853.33 -2842.46 -2849.32 -2885 -2941.96 -2996.34 -2998.5 -2965.84 -2924.65 -2875.7 -2826.32 -2788.42 -2751.86 -2715.4 -2689.44 -2688.91 -2691.89 -2681.4 -2698.92 -2743.47 -2761.28 -2743.72 -2700.42 -2673.31 -2650.66 -2617.41 -2550.39 999999 999999 999999 999999 999999 999999 999999 999999 999999 999999
-2587.68 -2614.81 -2616.03 -2621.67 -2632.29 -2644.15 -2656.5 -2672.91 -2690.56 -2706.15 -2722.19 -2739.56 -2758.69 -2766.44 -2753.52 -2733.5 -2723.62 -2726.14 -2736.38 -2767.4 -2803.03 -2844.71 -2882.25 -2911.85 -2923.43 -2924.14 -2912.55 -2881.76 -2848.01 -2844.36 -2872.18 -2924.92 -2988.75 -3057.77 -3092.29 -3077.88 -3042.83 -2993.54 -2945.95 -2904.31 -2864.89 -2823.97 -2791.34 -2779.16 -2777.95 -2767.75 -2762.49 -2780.53 -2792.2 -2778.23 -2742.56 -2721.43 -2698.48 -2617.2 -2575.47 -2666.28 -2786.88 999999 999999 999999 999999 999999 999999 999999 999999
-2571.73 -2608.77 -2613.97 -2603.19 -2589.53 -2582.36 -2598.61 -2628.08 -2663.9 -2692.01 -2719.32 -2745.6 -2768.47 -2767.31 -2741.9 -2718.56 -2709.33 -2720.39 -2751.35 -2789.28 -2823.94 -2859.02 -2894.06 -2921.31 -2932.95 -2934.87 -2918.97 -2868.04 -2826.32 -2821.3 -2865.41 -2921.55 -2981.61 -3072.51 -3127.93 -3146.27 -3130.95 -3098.98 -3059.44 -3014.28 -2964.07 -2913 -2878.21 -2867.58 -2869.44 -2856.79 -2836.42 -2838.89 -2854.3 -2856.6 -2821.87 -2790.95 -2760.15 -2726.76 -2714.44 -2771.27 -2879.91 -2985.51 -3047.29 999999 999999 999999 999999 999999 999999
-2539.15 -2591.13 -2614.65 -2583.82 -2546.73 -2526.78 -2549.2 -2593.58 -2640.35 -2679.37 -2711.94 -2740.59 -2754.6 -2741.16 -2709.97 -2687.68 -2686.28 -2704.89 -2741.44 -2785.79 -2827.4 -2866.19 -2905.02 -2931.01 -2944.38 -2946.47 -2923.45 -2857.01 -2793.01 -2755.87 -2793.57 -2873 -2950.08 -3050.67 -3133.02 -3161.84 -3153.57 -3133.91 -3109.82 -3076.31 -3021.3 -2966.96 -2939.7 -2934.96 -2934.59 -2915.85 -2897.52 -2899.16 -2917.6 -2925.4 -2900.07 -2868.32 -2838.31 -2815.75 -2836.25 -2893.7 -2958.88 -3025.2 -3048.22 -3019.75 999999 999999 999999 999999 999999
-2494.01 -2542.5 -2585.75 -2566.13 -2539.8 -2518.51 -2531.1 -2587.63 -2630.48 -2667.11 -2701.61 -2725.45 -2728.63 -2702.42 -2669.77 -2647.6 -2651.43 -2679.68 -2718.04 -2764.99 -2813.5 -2862.83 -2909.53 -2943.11 -2961.54 -2962.84 -2939.47 -2867.21 -2771.89 -2684.42 -2693.57 -2802.84 -2911.98 -3019.96 -3092.83 -3114.99 -3103.07 -3098.17 -3087.78 -3065.26 -3021.76 -2985.26 -2970.05 -2968.47 -2956.18 -2945.02 -2939.29 -2945.38 -2959.62 -2968.03 -2960.59 -2945.23 -2921.99 -2904.74 -2915.48 -2946.47 -2994.02 -3030.96 -3029.83 -2994.05 -2949.94 -2910.64 -2879.24 999999 999999
-2458.51 -2500.79 -2560.42 -2559.02 -2551.38 -2551.75 -2580.54 -2612.03 -2638.04 -2664.73 -2691.24 -2706.97 -2698.87 -2663.69 -2626.43 -2600.63 -2606.61 -2642.55 -2688.25 -2741.83 -2794.9 -2848.45 -2906.1 -2955.16 -2978.02 -2984.4 -2965.83 -2896.28 -2791.3 -2663.75 -2640.35 -2746.87 -2860.54 -2956.15 -3009.94 -3002.64 -2992.81 -3001.89 -3021.93 -3006.82 -2970.85 -2937.52 -2935.81 -2950.63 -2946.4 -2950.25 -2957.66 -2973.78 -2986.1 -2996.34 -3006.03 -3011.19 -2992.5 -2967.37 -2965.03 -2986.39 -3021.27 -3027.04 -3008.21 -2967.3 -2915.78 -2865.43 -2829.35 -2789.19 999999
-2454.38 -2470.3 -2530.51 -2548.49 -2557.5 -2581.53 -2620.03 -2635.16 -2651.39 -2670.08 -2681.11 -2686.17 -2666.68 -2624.85 -2583.42 -2555.25 -2563.11 -2597.37 -2646.69 -2705.8 -2747.78 -2805.24 -2874.57 -2929.73 -2968.37 -2999.69 -2995.94 -2947.48 -2845.35 -2719.1 -2641.1 -2695.54 -2783.39 -2864.09 -2890.43 -2874.83 -2867.57 -2889.99 -2919.19 -2902.94 -2876.76 -2850.12 -2855.05 -2877.9 -2915.6 -2945.28 -2965.34 -2980.33 -2988.48 -3004.65 -3032.06 -3052.73 -3038.11 -3011.36 -3003.16 -3016.16 -3029.89 -3021.73 -2996.17 -2945.08 -2881.68 -2828.58 -2788.72 -2746.41 -2699.17
-2453.55 -2428.56 -2485.63 -2523.21 -2547.26 -2581.28 -2619.77 -2641.67 -2664.98 -2677.26 -2677 -2671.44 -2644.62 -2596.29 -2548.79 -2521.99 -2524.47 -2549.29 -2592.66 -2650.27 -2675.16 -2726.1 -2793.85 -2861.87 -2916.28 -2957.11 -2995.04 -2986.21 -2898.26 -2763.97 -2636.89 -2622.64 -2653.1 -2729.56 -2767.22 -2756.94 -2729.82 -2740.9 -2795.72 -2806.67 -2786.34 -2762.43 -2783.85 -2822.42 -2864.47 -2912.14 -2948.54 -2960.03 -2966.68 -2994.26 -3042.92 -3070.13 -3057.2 -3035.03 -3026.23 -3027.35 -3025.37 -3005.64 -2978.23 -2934.3 -2853.86 -2804.68 -2757.62 -2710.09 -2681.88
-2488.36 -2445.17 -2476.39 -2505.36 -2523.3 -2560.01 -2613.67 -2652.58 -2682.1 -2695.68 -2692.61 -2678.88 -2653.53 -2596.43 -2537.08 -2505.31 -2491.96 -2498.69 -2527.92 -2570.09 -2578.61 -2638.56 -2722.69 -2805 -2871.14 -2915.44 -2946.84 -2990.89 -2920 -2779.6 -2623.32 -2545.33 -2547.17 -2632.11 -2676.91 -2660.24 -2620.87 -2637.1 -2710.69 -2745.32 -2728.97 -2698.79 -2729.03 -2775.37 -2814.54 -2861.48 -2898.22 -2909.12 -2926.84 -2963.63 -3021.84 -3056.94 -3049.55 -3039.09 -3031.48 -3023.82 -3004.68 -2975.22 -2946.71 -2900.38 -2848.41 -2799.36 -2734.27 -2680.32 -2678.48
-2525.28 -2489.82 -2496.94 -2509.82 -2522.67 -2562.02 -2617.87 -2664.33 -2699.96 -2719.55 -2723.04 -2727.67 -2717.67 -2643.79 -2559.49 -2502.2 -2465.13 -2444.2 -2461.23 -2475.55 -2499.19 -2565.32 -2663.1 -2757.73 -2823.08 -2878.09 -2916.51 -2951.44 -2936.16 -2830.61 -2707.56 -2598.41 -2579.25 -2617.14 -2620.69 -2602.56 -2574.26 -2603.13 -2678.56 -2724.87 -2722.05 -2699.64 -2726.54 -2758.65 -2773.77 -2797.16 -2828.28 -2834.11 -2842.42 -2894.91 -2970.17 -3020.14 -3029.41 -3029.05 -3025.03 -3006.61 -2978.06 -2944.71 -2902.8 -2862.26 -2846.84 -2799.21 -2718.6 -2663.46 -2686.96
-2542.77 -2525.08 -2534.26 -2555.65 -2565.24 -2592.32 -2631.54 -2678 -2716.16 -2737.26 -2754.48 -2780.28 -2795.28 -2727.35 -2617.42 -2523.14 -2453.65 -2415.82 -2401.75 -2420.94 -2452.47 -2504.99 -2615 -2724.43 -2785.37 -2854.25 -2910.04 -2951.63 -2958.51 -2899.27 -2827.61 -2771.84 -2716.97 -2680.63 -2645.38 -2600.09 -2580.65 -2620.79 -2682 -2733.16 -2754.8 -2744.05 -2751.01 -2765.42 -2762.84 -2756.8 -2772.94 -2768.9 -2776.62 -2827.5 -2913.19 -2984.72 -3010.87 -3017.98 -3012.99 -2991.1 -2957.66 -2918.97 -2877.28 -2850.77 -2834.02 -2795.98 -2736.32 -2698.4 -2738.75
-2543.76 -2549.45 -2576.46 -2611.96 -2614.42 -2619.29 -2649.42 -2695.73 -2726.21 -2741.42 -2766.44 -2768.49 -2764.17 -2761.38 -2664.9 -2567.49 -2477.12 -2404.82 -2397.07 -2416.23 -2455.91 -2471.5 -2556.94 -2703.22 -2769.22 -2850.69 -2937.25 -2993.19 -2977.12 -2958.55 -2909.2 -2834.21 -2761.7 -2708.59 -2666.56 -2624.44 -2621.02 -2648.83 -2704.09 -2763.68 -2790.31 -2785.49 -2785.34 -2799.16 -2789.49 -2755.71 -2740.57 -2716.85 -2726.74 -2788.25 -2875.01 -2961.8 -3004.72 -3012.04 -3005.43 -2980.18 -2944.15 -2905.07 -2869.7 -2843.99 -2824.61 -2800.12 -2776.56 -2769.79 -2809.77
-2549.91 -2553 -2591.68 -2622.97 -2624.9 -2632.49 -2660.33 -2698.13 -2716.55 -2727.81 -2713.68 -2698.94 -2683.27 -2666.36 -2632.16 -2578.5 -2524.06 -2457.77 -2417.44 -2409.05 -2427.04 -2463.02 -2496.53 -2664.31 -2773.66 -2861.91 -2914.75 -2943.15 -2965.06 -2967.95 -2926.28 -2826.23 -2741.67 -2679.99 -2632.48 -2616.93 -2632.57 -2653.11 -2702.56 -2764.26 -2791.75 -2799.92 -2811.87 -2830.36 -2817.41 -2758.59 -2712.03 -2676.43 -2685.92 -2762.52 -2863.19 -2957.42 -3005.05 -3010.85 -3001.14 -2973.17 -2936.73 -2898.07 -2857.1 -2827.77 -2813.73 -2814.5 -2817.2 -2834.22 -2878.43
-2573.57 -2571.1 -2596.49 -2614.93 -2619 -2629.64 -2650.43 -2670.72 -2677.57 -2691.38 -2669.73 -2644.85 -2624.28 -2598.51 -2573.58 -2564.47 -2556.35 -2501.81 -2438.84 -2386.7 -2361.65 -2382.78 -2434.01 -2537.98 -2674.51 -2754.47 -2788.82 -2843.56 -2906.28 -2929.24 -2866.44 -2766.54 -2689.12 -2637.32 -2607.69 -2604.99 -2621.35 -2643.92 -2683.66 -2731.3 -2772.03 -2801.16 -2824.66 -2837.22 -2805.74 -2744.96 -2693.75 -2660.4 -2679.14 -2772.5 -2874.77 -2967.31 -3008.17 -3011.16 -2997.77 -2969.87 -2930.64 -2885.94 -2832.63 -2801.32 -2797.17 -2824.26 -2850.21 -2879.09 -2892.55
-2620.3 -2607.69 -2602.92 -2599.85 -2590.13 -2601.64 -2618.22 -2616.85 -2614.83 -2630.35 -2656.55 -2638.27 -2617.11 -2593.23 -2578.02 -2583.41 -2599.71 -2538.7 -2470.06 -2396.65 -2354.29 -2363.59 -2387.72 -2458.59 -2554.2 -2597.96 -2651.58 -2721.36 -2800.48 -2830.3 -2761.86 -2673.84 -2611.33 -2580.04 -2573.49 -2582.31 -2602.99 -2631.93 -2669.31 -2703.54 -2738.38 -2774.94 -2812.33 -2813.08 -2764.57 -2714.55 -2684.53 -2680.07 -2722.9 -2809.96 -2901.06 -2982.19 -3017.6 -3017.02 -2999.75 -2975.26 -2935.72 -2870.81 -2812.58 -2776.02 -2767.21 -2814.42 -2870.04 -2888.7 -2863.31
-2680.16 -2658.77 -2629.97 -2591.58 -2565.03 -2564.64 -2568.02 -2551.62 -2540.05 -2547.91 -2581.08 -2613.89 -2640.48 -2635.82 -2636.61 -2657.98 -2630.06 -2575.71 -2511.28 -2432.84 -2385.63 -2373.55 -2382.64 -2445.49 -2477.84 -2472.32 -2505.32 -2576.96 -2657.51 -2686.67 -2627.71 -2553.55 -2499.67 -2493.41 -2516.31 -2544.55 -2576.75 -2609.37 -2640.08 -2671.45 -2706.09 -2743.95 -2768.23 -2753.4 -2712.34 -2684.5 -2695.21 -2729.86 -2786.13 -2861.19 -2939.32 -3008.74 -3031.53 -3028.26 -3010.44 -2986.85 -2954.77 -2897.51 -2838.95 -2793.91 -2783.55 -2847.34 -2888.31 -2877.57 -2806.88
-2748.58 -2719.99 -2673.41 -2619 -2578.64 -2566.84 -2548.33 -2514.69 -2478.08 -2456.54 -2483.92 -2517.53 -2546.04 -2587.79 -2641.17 -2651.36 -2637.69 -2607.77 -2561.11 -2485.71 -2416.61 -2380.22 -2375.52 -2406.92 -2427.26 -2415.52 -2409.33 -2434.3 -2496.67 -2519.09 -2487.42 -2432.95 -2400.82 -2421.77 -2463.06 -2496.75 -2531.52 -2569.23 -2598.23 -2628.52 -2663.71 -2706.99 -2719.53 -2679.36 -2634.73 -2656.03 -2731.42 -2798.69 -2857.79 -2923.53 -2986.3 -3032.16 -3046.44 -3044.52 -3027.29 -3006.06 -2981.09 -2950.35 -2920.35 -2893.16 -2901.19 -2930.56 -2922.16 -2866.57 -2794.07
-2808.36 -2774.88 -2719.23 -2657.65 -2610.46 -2590.65 -2569.17 -2519.87 -2439.34 -2389.58 -2401.2 -2438.94 -2453.38 -2485.91 -2567.22 -2623.39 -2636.76 -2628.93 -2593.18 -2523.79 -2448.38 -2388.06 -2363.39 -2381.88 -2401.63 -2405.4 -2396.39 -2397.18 -2401.03 -2393.76 -2387.92 -2384 -2380.24 -2399.05 -2436.48 -2455.41 -2476.75 -2519.78 -2555.85 -2585.68 -2618.42 -2654.31 -2657.97 -2640.01 -2623.42 -2663 -2787.52 -2872.17 -2926.68 -2975.35 -3017.56 -3043.51 -3058.28 -3066.51 -3056.23 -3036.56 -3023.02 -3011.73 -3010.24 -2999.32 -2988.04 -2984.05 -2961.73 -2902.37 -2845.4
-2861.66 -2831.58 -2773.53 -2712.16 -2665.58 -2645.68 -2622.2 -2571.59 -2479.93 -2394.26 -2391.51 -2394.02 -2387.54 -2413.41 -2506.84 -2591.95 -2630.54 -2635.44 -2608.64 -2550.22 -2480.67 -2407.03 -2366.3 -2384.92 -2409.64 -2419.67 -2413.89 -2409.97 -2409.67 -2401.7 -2397.86 -2406.58 -2408.7 -2419.64 -2441.17 -2443.1 -2447.85 -2488.09 -2523.49 -2546.64 -2571.46 -2610.56 -2634.35 -2640.9 -2657.28 -2713.71 -2814.33 -2900.43 -2955.83 -2995.1 -3021.76 -3042.34 -3063.48 -3077.27 -3072.91 -3067.12 -3059.18 -3050.01 -3039.29 -3029.01 -3018.86 -3010.15 -3000.48 -2957.8 -2902.29
-2897.63 -2884.95 -2837.21 -2786.15 -2744.66 -2724.78 -2699.46 -2655.09 -2577.32 -2478.55 -2420.53 -2381.2 -2359.83 -2406.47 -2504.27 -2585.64 -2629 -2637.02 -2618.5 -2573.36 -2513.61 -2442.55 -2405.05 -2414.02 -2433.83 -2446.37 -2453.18 -2463.73 -2473.91 -2488.37 -2499.57 -2498.41 -2477.81 -2472.18 -2475.88 -2468.25 -2465.62 -2488.72 -2510.23 -2524.02 -2540.95 -2579.48 -2615.84 -2643.37 -2683.1 -2737.16 -2801.57 -2868.84 -2938.55 -2980.36 -3003.54 -3029.88 -3059.85 -3073.15 -3068.35 -3061.34 -3052.4 -3041.99 -3030.37 -3018.44 -3007.29 -2997.1 -2986.82 -2979.23 -2954.37
-2903 -2911.3 -2898.85 -2866.8 -2839.24 -2818.81 -2794.49 -2755.91 -2676.82 -2577.8 -2492.95 -2425.42 -2405.22 -2459.3 -2541.11 -2612.04 -2648.64 -2651.16 -2634.93 -2598.39 -2547.24 -2490.24 -2454.21 -2453.51 -2468.94 -2488.6 -2512.53 -2535.9 -2559.17 -2585.78 -2599.59 -2591.57 -2588.21 -2579.4 -2569.52 -2537.07 -2506.67 -2503.78 -2507.51 -2513.15 -2533.59 -2565.38 -2596.03 -2628.3 -2674.86 -2731.09 -2783.76 -2828.21 -2882.95 -2935.57 -2961.21 -2986.79 -3022.71 -3053.82 -3057.42 -3053.88 -3044.18 -3032.3 -3019.78 -3006.49 -2994.68 -2983.26 -2973.61 -2966.16 -2939.96
-2872.53 -2891.64 -2906.03 -2917.12 -2922 -2909.65 -2893.86 -2851.43 -2765.63 -2668.01 -2579.45 -2507.87 -2486.32 -2528.52 -2597.24 -2668.35 -2694.63 -2683.52 -2661.11 -2629.59 -2580.91 -2527.83 -2495.39 -2490.02 -2508.01 -2533.82 -2559.38 -2593.02 -2634.67 -2670.64 -2676.57 -2668.99 -2674.7 -2699.56 -2702.41 -2621.8 -2560.71 -2530.66 -2505.78 -2506.69 -2534.72 -2562.64 -2587.29 -2611.7 -2663.99 -2723.76 -2774.11 -2806.22 -2829.28 -2871.31 -2897.02 -2922.46 -2954.13 -2974.95 -2981.91 -3005.45 -3028.66 -3021.22 -3004.48 -2992.97 -2980.58 -2969.46 -2960.76 -2954.08 -2892.04
-2823.08 -2855.96 -2883.89 -2924.57 -2953.83 -2963.05 -2960.19 -2920.24 -2841.07 -2749.69 -2666.24 -2596.1 -2569.78 -2594.62 -2655.91 -2724.76 -2738.19 -2715.41 -2691.1 -2664.76 -2615.08 -2552.22 -2515.02 -2509.32 -2525.4 -2549.32 -2576.36 -2625.84 -2689.76 -2727.21 -2721.46 -2721.23 -2744.52 -2775.57 -2751.27 -2665.27 -2581.84 -2537.42 -2507.55 -2513.03 -2536.06 -2565.25 -2592.6 -2613.37 -2658.09 -2720.2 -2775.94 -2797.91 -2798.31 -2802.44 -2815.61 -2848.26 -2880.8 -2894.25 -2898.58 -2918.52 -2955.74 -2917.01 -2857.86 -2865.99 -2929.14 -2955.32 -2946.05 -2902.8 -2849.36
-2766.92 -2810.3 -2859.47 -2916.05 -2972.81 -3015.95 -3004.29 -2958.13 -2896 -2825 -2743.73 -2662.61 -2630.59 -2646.19 -2696.74 -2750.42 -2755.7 -2739.89 -2719.06 -2690.04 -2629.94 -2557.66 -2513.74 -2504.14 -2512.99 -2529.77 -2564.19 -2629.53 -2708.22 -2730.96 -2717.35 -2729.55 -2770.16 -2784.06 -2726.45 -2634.07 -2544.48 -2483.97 -2475.69 -2495.55 -2513.86 -2558.75 -2599.91 -2608.89 -2642.96 -2708.02 -2774.21 -2778.39 -2736.22 -2713.74 -2724.02 -2766.25 -2806.83 -2831.97 -2848.55 -2853.36 -2815.94 -2725.32 -2674.85 -2680.1 -2755.01 -2840.48 -2853.78 -2840.97 -2821.47
-2717.79 -2765.25 -2842.38 -2910.76 -2975.68 -3023.8 -3017.01 -2968.84 -2915.03 -2864.29 -2791.95 -2707.11 -2673.44 -2673.86 -2699.88 -2742.06 -2754.81 -2752.09 -2738.61 -2698.31 -2620.89 -2546.8 -2495.36 -2477.23 -2476.85 -2486.46 -2520.94 -2585.5 -2653.67 -2671.8 -2662.22 -2690.78 -2739.52 -2732.37 -2658.91 -2574.8 -2490.54 -2434.39 -2428.48 -2433.19 -2450.46 -2503.49 -2571.65 -2594.42 -2609.62 -2653.97 -2715.38 -2702.88 -2645.45 -2614.97 -2626.92 -2677.17 -2734.86 -2770.74 -2776.06 -2770.53 -2699.97 -2627.19 -2565.25 -2535.21 -2588.4 -2694.43 -2752.04 -2789.73 -2808.3
-2710.92 -2778.24 -2860.05 -2920.59 -2958.78 -2983.44 -2969.73 -2933.62 -2904.91 -2875.93 -2797.45 -2718.45 -2684.88 -2680.49 -2693.11 -2725.54 -2746.94 -2754.03 -2743.19 -2686.22 -2603.14 -2524.54 -2461.78 -2436.21 -2434.1 -2438.55 -2457.44 -2506.63 -2565.12 -2580.65 -2571.54 -2586.43 -2637.89 -2631.94 -2576.14 -2506.59 -2438.51 -2402.13 -2391.55 -2372.71 -2373.79 -2418.51 -2490.06 -2549.21 -2558.72 -2543 -2549.97 -2586.96 -2537 -2504.63 -2532.61 -2600.47 -2663.6 -2684.4 -2647.06 -2645.76 -2637.72 -2635.88 -2592.04 -2532.18 -2538.32 -2599.18 -2683.64 -2758.44 -2784.3
