data/depth/65Ma_Topo_Cretaceo_Prof (Dominio Corrigido).grd
DSAA
91 71
1000000 1090000
7230000 7300000
-5038.09 -2311.31
[rows 29 to 57 of 71, columns 0 to 64 of 91]
-2794.55 -2823.12 -2867.17 -2944.68 -3006.56 -3069.04 -3108.55 -3131.42 -3149.37 -3149.96 -3133.82 -3117.29 -3108.52 -3126.78 -3153.22 -3161.35 -3138.89 -3090.12 -3019.53 -2939.03 -2870.79 -2843.79 -2851.23 -2901.93 -2980.92 -3070.64 -3141.9 -3206.11 -3249.88 -3265.7 -3244.66 -3085.03 -3025.97 -2899.58 -2859.11 -2868.12 -2851.24 -2737.2 -2571 -2545.01 -2579.83 -2580.88 -2600.96 -2744.48 -3016.11 -3317.71 -3334.79 -3333.41 -3326.9 999999 999999 999999 999999 999999 999999 999999 999999 999999 999999 999999 999999 999999 999999 999999 999999
-2790.54 -2852.53 -2926.53 -2995.09 -3045.58 -3088.29 -3105.93 -3119.89 -3138.58 -3153.19 -3156.43 -3130.94 -3102.99 -3098.69 -3116.5 -3122.02 -3092.78 -3047.41 -2983.26 -2916.13 -2866.36 -2855.8 -2872.02 -2926.7 -2992.81 -3062.44 -3114.66 -3161.29 -3197.83 -3214.86 -3159.51 -3090.03 -3100.2 -3082.13 -3019.74 -3011.02 -2944.51 -2864.89 -2739.9 -2677.07 -2662.2 -2621.72 -2638.76 -2800.57 -3072.3 -3201.68 -3343.58 -3354.36 -3348.73 -3333.44 -3293.77 999999 999999 999999 999999 999999 999999 999999 999999 999999 999999 999999 999999 999999 999999
-2945.48 -3016.68 -3045.62 -3061.71 -3075.52 -3097.07 -3103.47 -3108.64 -3117.83 -3158.49 -3185.67 -3158.5 -3091.51 -3033.75 -3051.39 -3063.44 -3041.48 -2999.32 -2949.05 -2899.6 -2881.99 -2875.62 -2908.51 -2951.37 -2995.74 -3043.4 -3081.45 -3115.58 -3146.95 -3154.72 -3152.47 -3170.89 -3207.38 -3220.1 -3225.74 -3215.27 -3149.45 -3055.88 -2972.05 -2900.79 -2836.77 -2792.34 -2827.03 -3010.92 -3190.01 -3224.65 -3358.75 -3377.02 -3371.33 -3350.26 -3301.05 -3128.81 -2810.25 999999 999999 999999 999999 999999 999999 999999 999999 999999 999999 999999 999999
-3189.9 -3168.05 -3080.33 -3063.46 -3070.99 -3089.73 -3096.18 -3040.54 -3076.84 -3197.8 -3209.33 -3154.05 -3071.43 -2990.59 -2990.35 -3009.99 -2989.69 -2954.21 -2923.89 -2911.53 -2897.53 -2913.8 -2947.44 -2978.71 -3001.82 -3031.19 -3061.01 -3086.06 -3109.36 -3129.89 -3147.22 -3166.71 -3194.77 -3213.03 -3234.69 -3255.66 -3272.68 -3286.16 -3237.22 -3144.48 -3076 -3035.4 -3113.08 -3293.1 -3416.59 -3417.74 -3415.96 -3409.22 -3391.79 -3366.79 -3299.07 -3118.81 -2830.05 -2622.41 -2555.39 999999 999999 999999 999999 999999 999999 999999 999999 999999 999999
-3264.56 -3231.85 -3057.9 -3004.19 -3018.02 -3040.34 -3039.63 -3037.45 -3096.42 -3174.46 -3184.81 -3114.33 -3051.35 -2981.59 -2962.35 -2961.09 -2937.89 -2920.73 -2917.74 -2919.12 -2935 -2961.45 -2984.54 -3000.62 -3020.33 -3042.06 -3062.19 -3082.52 -3101.96 -3118.57 -3133.62 -3148.86 -3168.23 -3189.24 -3211.84 -3243.91 -3272.81 -3304.41 -3324.39 -3329.96 -3331.6 -3326.09 -3377.27 -3430.61 -3452.46 -3454.4 -3444.82 -3429.99 -3409.8 -3374.28 -3319.18 -3148.24 -2862.22 -2622.2 -2580.47 -2861.57 -3168.97 999999 999999 999999 999999 999999 999999 999999 999999
-3176.89 -3124.07 -3015.77 -2947.18 -2959.41 -2998.99 -3018.55 -3037.45 -3099.84 -3133.71 -3112.07 -3065.47 -3016.06 -2972.17 -2940.17 -2910.78 -2892.3 -2895.73 -2908.19 -2923.27 -2952.59 -2985.29 -3013.94 -3035.45 -3051.01 -3065.26 -3078.88 -3094.28 -3108 -3120.36 -3133.61 -3143.58 -3155.02 -3170.86 -3190.96 -3215.36 -3250.85 -3282.5 -3314.72 -3333.95 -3347.88 -3370.49 -3404.63 -3437.78 -3458.56 -3458.27 -3452.02 -3435.68 -3413.75 -3371.81 -3326.29 -3287.25 -3054.35 -2770.7 -2774.59 -3093.64 -3180.07 -3166.96 -3154.95 999999 999999 999999 999999 999999 999999
-3025.06 -3052.68 -3003.14 -2930.1 -2917.76 -2917.19 -2830.67 -2919.47 -3031.55 -3047.9 -3041.88 -3018.02 -2981.59 -2940.44 -2900.08 -2860.15 -2835.59 -2841.45 -2861.59 -2893.53 -2939.78 -2985.29 -3023.58 -3045.25 -3062.58 -3078.46 -3088.9 -3106.2 -3112.53 -3105.33 -3128.78 -3145.03 -3152.82 -3162.69 -3173.71 -3194.41 -3223.21 -3262.99 -3292.65 -3320.33 -3343.27 -3373.9 -3404.8 -3435.4 -3452.54 -3455.32 -3442.8 -3421.28 -3395.56 -3356.92 -3317.88 -3287.25 -3242.28 -3159.02 -3149.98 -3193.31 -3184 -3166.68 -3153.02 -3140.21 999999 999999 999999 999999 999999
-2862.75 -2973.87 -2973.43 -2943.97 -2892.08 -2790.22 -2691.82 -2745.24 -2799.13 -2936.13 -2994.6 -2984.32 -2940.44 -2904.8 -2860.89 -2818.64 -2786.44 -2773.34 -2796.01 -2834.38 -2887.18 -2950.82 -2995.17 -3031.5 -3054.1 -3075.24 -3089.27 -3109.94 -3110.21 -2764.81 -2786.5 -3142.06 -3154.15 -3159.57 -3168.17 -3183.12 -3209.05 -3248.15 -3283.53 -3311.65 -3333.48 -3360.88 -3391.03 -3423.27 -3439.8 -3438.06 -3419.73 -3397.54 -3371.42 -3332.3 -3299.86 -3271.66 -3241.76 -3221.97 -3205.03 -3193.2 -3179.31 -3162.45 -3148.8 -3137.99 -3129.97 -3125.16 -3119.75 999999 999999
-2712.11 -2908.29 -2949.46 -2934.2 -2861.69 -2823.99 -2766.17 -2777.08 -2793.68 -2844.67 -2930.56 -2956.46 -2913.15 -2869.81 -2840.84 -2790.77 -2750.52 -2721.83 -2732.36 -2770.66 -2825.93 -2887.04 -2946.85 -2989.32 -3021.43 -3050.85 -3076.87 -3103 -3104.42 -2716.61 -2709.18 -2974.81 -3154.22 -3159.88 -3171.13 -3185.98 -3202.38 -3239.65 -3279.63 -3307.69 -3322.56 -3337.43 -3362.91 -3397.32 -3416.64 -3410.38 -3391.24 -3371.42 -3338.65 -3303.57 -3275.96 -3252.9 -3228.58 -3211.26 -3198.99 -3185.51 -3171.97 -3157.9 -3145.64 -3135.32 -3127.28 -3121.97 -3114.2 -3105.52 999999
-2669.88 -2694.63 -2906.67 -2916.44 -2872.1 -2862.9 -2971.63 -2962.64 -2901.03 -2885.5 -2901.89 -2921.51 -2899.28 -2868.49 -2835.59 -2775.52 -2721.83 -2694 -2685.18 -2710.8 -2752.78 -2810.24 -2879.57 -2934.73 -2973.37 -3009.7 -3043.87 -3082.62 -3104.03 -2945.04 -2798.23 -2848.2 -3042.84 -3158.41 -3169.5 -3176.73 -3186.89 -3213 -3257.17 -3288.18 -3298.94 -3218.03 -3144.27 -3245.29 -3376.1 -3375.63 -3359.02 -3336.84 -3309.74 -3277.65 -3254.41 -3230.75 -3210.85 -3199.41 -3188 -3176.19 -3164.42 -3152.99 -3142.09 -3132 -3124.29 -3116.8 -3109.35 -3098.84 -2921.72
-2618.48 -2591.68 -2804.63 -2867.27 -2877.55 -2919.03 -2993.25 -2993.25 -2971.03 -2936.57 -2916.46 -2920.31 -2921.88 -2882.9 -2843.41 -2784.16 -2719.84 -2680.83 -2666.19 -2655.27 -2680.16 -2731.1 -2798.85 -2866.87 -2921.28 -2962.11 -3000.04 -3043.62 -3085.14 -3088.05 -2833.72 -2798.93 -2857.11 -3029.53 -3046.22 -3006.05 -2915.82 -2946.55 -3094.01 -3151.98 -3134.28 -3040.11 -3006.37 -3063.93 -3239.75 -3339.02 -3330.71 -3308.97 -3283.69 -3255.72 -3230.68 -3210.85 -3196.41 -3186.17 -3177.03 -3166.72 -3156.65 -3146.63 -3136.89 -3126.92 -3118.23 -3111.03 -3101.52 -3075.04 -2813.01
-2787.27 -2709.95 -2780.72 -2850.84 -2856.2 -2830.94 -2891.09 -2910.02 -2919.13 -2919.13 -2913.62 -2909.97 -2908.08 -2879.96 -2839.49 -2801.44 -2725.96 -2668.05 -2611.8 -2575.09 -2583.61 -2643.56 -2727.69 -2810 -2876.14 -2920.44 -2951.84 -2995.89 -3053.16 -3086.17 -3039.07 -2798.96 -2750.87 -2891.34 -2925.21 -2879.02 -2729.68 -2722.69 -2926.16 -3025.5 -3025.5 -2998.14 -2983.83 -3059.13 -3084.41 -3303.55 -3303.34 -3283.17 -3258.6 -3231.7 -3215.32 -3196.01 -3183.42 -3174.39 -3166.29 -3157.19 -3147.95 -3138.85 -3129.65 -3119.87 -3111.73 -3103.33 -3094.54 -2903.57 -2813.01
-2859.82 -2814.08 -2838.67 -2888.46 -2878.83 -2842.98 -2851.92 -2877.77 -2895.44 -2904.06 -2898.05 -2891.19 -2874.34 -2852.94 -2831.32 -2810.12 -2703.07 -2583.54 -2510.21 -2480.55 -2504.19 -2570.32 -2668.1 -2762.73 -2828.08 -2883.09 -2921.51 -2956.44 -3020.86 -3087.83 -3111.25 -3045.13 -2915.08 -2922.24 -2918.82 -2890.62 -2729.68 -2729.33 -2888.98 -3001.96 -3023.5 -3030.98 -3083.83 -3074.56 -3066.55 -3061.7 -3139.6 -3076.26 -3106.41 -3206.3 -3198.43 -3184.45 -3172.38 -3163.7 -3155.91 -3147.25 -3138.54 -3130.14 -3120.72 -3111.73 -3103.22 -3094.83 -3084.46 -2830.59 -2830.59
-2856.35 -2853.1 -2853.81 -2897.45 -2887.08 -2854.13 -2848.01 -2855.95 -2860.53 -2860.53 -2857.28 -2844.2 -2832.37 -2822.47 -2818.08 -2757.65 -2614.42 -2452.75 -2406.75 -2425.94 -2457.47 -2509.99 -2620 -2729.43 -2790.37 -2859.25 -2915.04 -2956.63 -3033.17 -3108.29 -3155.74 -3198.35 -3222.04 -3181.83 -3149.84 -3134.82 -3009.35 -2913.26 -2979.4 -3022.89 -3062.97 -3162.08 -3252.62 -3271.5 -3116.42 -3005.48 -2992.3 -2905.12 -2820.39 -3006.82 -3181.92 -3174.2 -3162.4 -3153.75 -3145.79 -3137.16 -3128.31 -3119.92 -3111.3 -3102.93 -3094.83 -3086.5 -3075.53 -2947.85 -2968.5
-2807.22 -2851.85 -2837.22 -2826.56 -2848.64 -2828.92 -2814.77 -2814.77 -2813.68 -2801.12 -2791.14 -2773.49 -2769.17 -2766.38 -2742.85 -2665.44 -2560.22 -2409.82 -2402.07 -2421.23 -2460.91 -2476.5 -2561.94 -2708.22 -2774.22 -2855.69 -2942.25 -3016.96 -3079.54 -3115.67 -3160.3 -3203.79 -3223.83 -3215.46 -3201.63 -3192.07 -3166.54 -3152.88 -3147.49 -3133.49 -3181.34 -3246.9 -3288.69 -3305.95 -3296.42 -3070.94 -2988.48 -2817.15 -2754.12 -2909.84 -3168.22 -3163.79 -3152.71 -3143.9 -3135.57 -3127.19 -3118.72 -3110.02 -3102.07 -3093.61 -3085.92 -3077.58 -3068.94 -3054.42 -3050.94
-2784.41 -2827.58 -2826.4 -2804.62 -2795.35 -2786.17 -2775.47 -2768.73 -2755.42 -2738.46 -2718.68 -2703.94 -2688.27 -2671.36 -2637.16 -2583.5 -2544.97 -2508.31 -2422.44 -2422.36 -2458.14 -2468.02 -2501.53 -2704.82 -2809.47 -2925.95 -3028.5 -3079.54 -3085.67 -3097.07 -3126.94 -3153.6 -3163.68 -3158.31 -3152.75 -3138.46 -3143.93 -3156.26 -3164.93 -3174.44 -3206.92 -3245.15 -3282.24 -3303.53 -3296.33 -3240.16 -3003.49 -2834.68 -2795.69 -3037.11 -3160.31 -3153.42 -3142.13 -3133.17 -3125.19 -3117.31 -3109.05 -3100.93 -3093.08 -3084.9 -3077.08 -3069.1 -3061.82 -3054.42 -3049.88
-2789.78 -2787.25 -2820 -2812.38 -2791.49 -2778.34 -2771.34 -2755.27 -2731.79 -2702.35 -2674.73 -2649.85 -2629.28 -2603.51 -2578.58 -2569.47 -2561.35 -2546.31 -2508.31 -2421.48 -2403.68 -2458.55 -2509.67 -2747.78 -2919.32 -3038.78 -3087.8 -3080.37 -3042.91 -3025.89 -3041.32 -3070.87 -3083.8 -3079.7 -3092.58 -3101.53 -3115.06 -3131.02 -3158.77 -3182.98 -3215.41 -3244.05 -3271.97 -3296.93 -3291.54 -3239.8 -3003.49 -2950.45 -2953.93 -3150.02 -3153.42 -3142.23 -3131.81 -3123.62 -3116.22 -3108.33 -3100.28 -3092.45 -3084.71 -3077.01 -3069.1 -3061.6 -3055.36 -3046.12 -3039.14
-2817.77 -2768.86 -2795.78 -2800.45 -2785.98 -2769.7 -2764.7 -2745.42 -2713.22 -2682.03 -2661.55 -2643.27 -2622.11 -2598.23 -2583.02 -2588.41 -2604.71 -2611.1 -2595.82 -2497.78 -2417.64 -2458.55 -2556.11 -2794.98 -2987.78 -3066.54 -3060.76 -2949.24 -2884.39 -2897.13 -2933.36 -2971.22 -2992.34 -3015.63 -3055.01 -3090.45 -3108.56 -3120.22 -3147.13 -3191.56 -3217.19 -3244.97 -3264.38 -3290.54 -3277.88 -3156.56 -2960.08 -2960.07 -3091.44 -3150.93 -3143.91 -3131.81 -3122.59 -3115.39 -3107.56 -3100.07 -3092.33 -3084.71 -3077.02 -3069.3 -3017.46 -3049.91 -3046.12 -3011.05 -2934.21
-2968.87 -2823.52 -2803.77 -2798.3 -2752.14 -2686.77 -2682.81 -2693.18 -2670.7 -2639.68 -2643.27 -2648.34 -2646.01 -2640.82 -2641.61 -2662.98 -2683.25 -2701.52 -2701.52 -2644.73 -2468.25 -2465.63 -2533.25 -2727.8 -2885.93 -2961.77 -2882.34 -2716.92 -2729.77 -2782.48 -2821.32 -2869.06 -2929.34 -2978.09 -3027.65 -3086.82 -3115.34 -3131 -3164.5 -3193.69 -3216.85 -3247.42 -3259.87 -3276.54 -3250.85 -2948.92 -2954.69 -3024.48 -3151.51 -3144.94 -3132.08 -3120.95 -3113.11 -3106.64 -3098.94 -3092.08 -3084.71 -3077.17 -3069.34 -3045.38 -2982.14 -3042.64 -3038.47 -3002.35 -2812.29
-3080.14 -3018.86 -2981.15 -2904.43 -2783.1 -2672.77 -2670.6 -2669.35 -2616.23 -2517.41 -2503.57 -2578.2 -2645.47 -2678.83 -2716.82 -2760.3 -2777.74 -2791.76 -2794.71 -2771.3 -2621.65 -2468.34 -2468.25 -2608.4 -2794.23 -2816.6 -2765.69 -2681.84 -2687.25 -2710.33 -2737.03 -2803.89 -2892.58 -2978.09 -3019.55 -3040.07 -3101.38 -3129.34 -3161.49 -3191.28 -3215.34 -3248.08 -3256.12 -3256.35 -2950.22 -2866.97 -2989.36 -3165.46 -3156.09 -3138.24 -3121.96 -3109.99 -3103.15 -3097.12 -3090.57 -3084.25 -3077.23 -3069.58 -3059.71 -3048.29 -3042.11 -3037.3 -3029.38 -3014.52 -2839.08
-3191.96 -3151.57 -3128.27 -3126.21 -3033.69 -2872.18 -2815.71 -2722.03 -2585.22 -2432.87 -2406.2 -2443.94 -2495.57 -2601.46 -2762.1 -2834.09 -2872.36 -2877.9 -2888.28 -2882.86 -2771.76 -2490.09 -2444.99 -2541.41 -2738.72 -2804.36 -2775.78 -2692.66 -2667.76 -2631.28 -2669.8 -2794 -2930.29 -3010.32 -3005.39 -2892.99 -2806.93 -2927.51 -3055.18 -3185.63 -3213.66 -3255.06 -3256.12 -3182.56 -2954.41 -2906.9 -3191.31 -3183.54 -3157.37 -3131.04 -3114.23 -3102.02 -3094.99 -3088.69 -3083.51 -3077.3 -3070.4 -3062.14 -3052.6 -3043.62 -3035.16 -3026.89 -3018.36 -3005.69 -2989.78
-3311.5 -3273.36 -3254.3 -3251.31 -3213.17 -3153.89 -3100.41 -2976.64 -2748.22 -2503.62 -2405.87 -2401.34 -2413.21 -2479.78 -2694.81 -2883.27 -2942.11 -2963.29 -2967.69 -2976.05 -2913.16 -2615.81 -2469.86 -2587.13 -2758.68 -2811.48 -2809.36 -2732.96 -2681.34 -2646.81 -2728.51 -2884.39 -3014.41 -3046.17 -2980.98 -2736.89 -2610.11 -2709.68 -2837.37 -3011.97 -3209.08 -3255.06 -3258.69 -3250.12 -3124.69 -3205.6 -3205.4 -3183.54 -3157.53 -3131.04 -3109.65 -3096.71 -3088.66 -3082.27 -3077.91 -3072.12 -3064.18 -3055.01 -3044.29 -3034.01 -3023.86 -3015.15 -3005.48 -2995.18 -2987.58
-3433.15 -3399.62 -3372.78 -3364.03 -3335.4 -3295.49 -3257.01 -3238.28 -3129.65 -2779.16 -2527.22 -2386.2 -2364.83 -2476.29 -2727.42 -2949.1 -3031.95 -3057.52 -3059.3 -3054.02 -3017.2 -2805.19 -2649.44 -2729.3 -2838.3 -2876.19 -2857.59 -2817.18 -2771.37 -2789.62 -2884.39 -2997.41 -3079.24 -3100.75 -3041.16 -2876.25 -2682.27 -2710.03 -2714.08 -2806.11 -3078.95 -3257.23 -3269.52 -3268.67 -3249.45 -3229.55 -3211.12 -3175.57 -3153.18 -3135.31 -3113.48 -3094.9 -3083.18 -3078.15 -3073.35 -3066.34 -3057.4 -3046.99 -3035.37 -3023.44 -3012.29 -3002.1 -2991.82 -2984.23 -2977.85
-3536.69 -3508.31 -3489.43 -3483.92 -3462.85 -3430.78 -3392.85 -3358.93 -3322.81 -3141.6 -2782.83 -2506.62 -2432.69 -2588.01 -2807.87 -3024.49 -3107.24 -3142.85 -3135.25 -3112.41 -3090.48 -3017.16 -2887.76 -2898.77 -2956.17 -2963.02 -2941.85 -2915.64 -2914.66 -2953.25 -3011.27 -3091.52 -3157.39 -3209.71 -3205.65 -3069.06 -2911.46 -2815.54 -2721.72 -2748.54 -2975.11 -3241.93 -3279.31 -3286.6 -3270.22 -3238.57 -3184.11 -3108.82 -3137.26 -3132.3 -3118.31 -3094.9 -3079.77 -3074.27 -3068.19 -3059.28 -3049.18 -3037.3 -3024.78 -3011.49 -2999.68 -2988.26 -2978.61 -2971.16 -2964.78
-3631.27 -3610.91 -3589.39 -3576.28 -3561.55 -3537.99 -3513.86 -3484.98 -3472.11 -3395.18 -3133.2 -2792.14 -2660.08 -2756.57 -2925.43 -3155.09 -3263.28 -3248.03 -3227.22 -3203.79 -3169.04 -3124.82 -3070.49 -3063.53 -3080.86 -3073.37 -3058.32 -3055.7 -3066.55 -3097.18 -3128.79 -3178.03 -3228.98 -3263.05 -3275.77 -3250 -3148.59 -3089.88 -3073.43 -2993.77 -3091.9 -3226.37 -3289.79 -3297.21 -3283.75 -3198 -3049.85 -2910.31 -2932.48 -3125.58 -3119.81 -3097.44 -3077.35 -3069.54 -3061.4 -3050.24 -3038.73 -3026.22 -3012.6 -2997.97 -2985.58 -2974.46 -2965.76 -2959.08 -2953.89
-3622.05 -3642.13 -3652.95 -3672.51 -3664.89 -3654.82 -3650.05 -3627.72 -3613.61 -3573.76 -3411.82 -3096.59 -2887 -2895.76 -3064.04 -3312.41 -3382.16 -3372.45 -3335.96 -3305.16 -3274.04 -3204.27 -3123.78 -3121.61 -3200.53 -3236.68 -3224.44 -3228.25 -3239.04 -3245.81 -3246.69 -3257.9 -3287.97 -3308.52 -3324.33 -3304.74 -3292.5 -3301.23 -3253.76 -3138.2 -3135.42 -3257.47 -3294.83 -3303.39 -3280.27 -3114.53 -2978.87 -2847.61 -2873.34 -3104.86 -3119.21 -3103.14 -3074.76 -3062.99 -3051.05 -3038.98 -3026.22 -3012.6 -2997.57 -2982.7 -2969.92 -2960.32 -2952.74 -2949.03 -2939.92
-3594.89 -3553.08 -3672.51 -3733.81 -3766.51 -3765.22 -3739.93 -3736.76 -3741.08 -3724.89 -3612.67 -3277.12 -2972.9 -2947.59 -3156.65 -3236.26 -3335.95 -3473.13 -3443.18 -3412.52 -3363.23 -3262.59 -3118.94 -3118.4 -3213.52 -3242.33 -3251.77 -3287.57 -3333.72 -3347.16 -3341.36 -3339.39 -3346.68 -3354.12 -3344.07 -3272.42 -3296.61 -3311.35 -3265.99 -3124.2 -3131.8 -3264.55 -3301.81 -3304.49 -3161.02 -3006.57 -2925.01 -2852.01 -2871.07 -3038.33 -3117.01 -3105.37 -3071.25 -3052.94 -3038.98 -3025.48 -3011.37 -2996.92 -2982.14 -2967.11 -2951.16 -2945.55 -2940 -2936.25 -2928.34
-2736.67 -3458.01 -3552.08 -3519.94 -3724.19 -3821.81 -3837.45 -3836.44 -3838.19 -3864.51 -3764.89 -3374.17 -3034.82 -2988.15 -3181.77 -3486.9 -3557.82 -3463.41 -3529.7 -3521.74 -3457.92 -3239.39 -2977.65 -2920.17 -3009.41 -3025.46 -3101.62 -3274.81 -3357.39 -3386.19 -3386.19 -3406.56 -3411.21 -3376.26 -3212.4 -3008.16 -3043.03 -3155.03 -3069.66 -2944.62 -2944.62 -3149.45 -3285.65 -3163.85 -2977.72 -2861.19 -2839.88 -2815.08 -2843.66 -2978.12 -3111.27 -3106.2 -3064.1 -3038.5 -3022.14 -3010.7 -2996.29 -2980.67 -2965.15 -2727.69 -2782.8 -2910.09 -2927.24 -2927.82 -2928.34
-2728.29 -2796.55 -3167.39 -3321.48 -3308.22 -3485.56 -3837.45 -3877.09 -3894.61 -3890.6 -3774.96 -3335.96 -3106.97 -3049.61 -3348.9 -3618.6 -3673.89 -3657.5 -3455.6 -3593.49 -3523.3 -3068.98 -2678.33 -2559.37 -2697.87 -2802.31 -2862.69 -2987.84 -3153.28 -3240.84 -3247.08 -3372.06 -3411.21 -3207.09 -2952.92 -2738.32 -2603.37 -2859.46 -2871.03 -2853.12 -2722.16 -2728.78 -2949.58 -2916.28 -2775.52 -2608.8 -2554.97 -2604.17 -2661.38 -2826.39 -3055.15 -3075.3 -3013.18 -2931.01 -2932.68 -2988.62 -2976.45 -2963.64 -2794.35 -2661.84 -2677.11 -2824.69 -2910.32 -2919.64 -2927.04
