data/depth/99Ma_Topo_Albiano_Medio_Prof (Dominio Corrigido).grd
DSAA
91 71
1000000 1090000
7230000 7300000
-6168.13 -2321.31
[rows 29 to 57 of 71, columns 0 to 64 of 91]
-2804.55 -2833.12 -2877.17 -2954.68 -3016.56 -3079.04 -3118.55 -3141.42 -3159.37 -3159.96 -3143.82 -3127.29 -3118.52 -3136.78 -3163.22 -3171.35 -3148.89 -3100.12 -3029.53 -2949.03 -2880.79 -2853.79 -2861.23 -2911.93 -2990.92 -3080.64 -3151.9 -3216.11 -3259.88 -3275.7 -3254.66 -3095.03 -3035.97 -2909.58 -2869.11 -2878.12 -2861.24 -2747.2 -2581 -2555.01 -2589.83 -2590.88 -2610.96 -2754.48 -3026.11 -3327.71 -3344.79 -3343.41 -3336.9 999999 999999 999999 999999 999999 999999 999999 999999 999999 999999 999999 999999 999999 999999 999999 999999
-2800.54 -2862.53 -2936.53 -3005.09 -3055.58 -3098.29 -3115.93 -3129.89 -3148.58 -3163.19 -3166.43 -3140.94 -3112.99 -3108.69 -3126.5 -3132.02 -3102.78 -3057.41 -2993.26 -2926.13 -2876.36 -2865.8 -2882.02 -2936.7 -3002.81 -3072.44 -3124.66 -3171.29 -3207.83 -3224.86 -3169.51 -3100.03 -3110.2 -3092.13 -3029.74 -3021.02 -2954.51 -2874.89 -2749.9 -2687.07 -2672.2 -2631.72 -2648.76 -2810.57 -3082.3 -3211.68 -3353.58 -3364.36 -3358.73 -3343.44 -3303.77 999999 999999 999999 999999 999999 999999 999999 999999 999999 999999 999999 999999 999999 999999
-2955.48 -3026.68 -3055.62 -3071.71 -3085.52 -3107.07 -3113.47 -3118.64 -3127.83 -3168.49 -3195.67 -3168.5 -3101.51 -3043.75 -3061.39 -3073.44 -3051.48 -3009.32 -2959.05 -2909.6 -2891.99 -2885.62 -2918.51 -2961.37 -3005.74 -3053.4 -3091.45 -3125.58 -3156.95 -3164.72 -3162.47 -3180.89 -3217.38 -3230.1 -3235.74 -3225.27 -3159.45 -3065.88 -2982.05 -2910.79 -2846.77 -2802.34 -2837.03 -3020.92 -3200.01 -3234.65 -3368.75 -3387.02 -3381.33 -3360.26 -3311.05 -3138.81 -2820.25 999999 999999 999999 999999 999999 999999 999999 999999 999999 999999 999999 999999
-3199.9 -3178.05 -3090.33 -3073.46 -3080.99 -3099.73 -3106.18 -3050.54 -3086.84 -3207.8 -3219.33 -3164.05 -3081.43 -3000.59 -3000.35 -3019.99 -2999.69 -2964.21 -2933.89 -2921.53 -2907.53 -2923.8 -2957.44 -2988.71 -3011.82 -3041.19 -3071.01 -3096.06 -3119.36 -3139.89 -3157.22 -3176.71 -3204.77 -3223.03 -3244.69 -3265.66 -3282.68 -3296.16 -3247.22 -3154.48 -3086 -3045.4 -3123.08 -3303.1 -3426.59 -3427.74 -3425.96 -3419.22 -3401.79 -3376.79 -3309.07 -3128.81 -2840.05 -2632.41 -2565.39 999999 999999 999999 999999 999999 999999 999999 999999 999999 999999
-3274.56 -3241.85 -3067.9 -3014.19 -3028.02 -3050.34 -3049.63 -3047.45 -3106.42 -3184.46 -3194.81 -3124.33 -3061.35 -2991.59 -2972.35 -2971.09 -2947.89 -2930.73 -2927.74 -2929.12 -2945 -2971.45 -2994.54 -3010.62 -3030.33 -3052.06 -3072.19 -3092.52 -3111.96 -3128.57 -3143.62 -3158.86 -3178.23 -3199.24 -3221.84 -3253.91 -3282.81 -3314.41 -3334.39 -3339.96 -3341.6 -3336.09 -3387.27 -3440.61 -3462.46 -3464.4 -3454.82 -3439.99 -3419.8 -3384.28 -3329.18 -3158.24 -2872.22 -2632.2 -2590.47 -2871.57 -3178.97 999999 999999 999999 999999 999999 999999 999999 999999
-3186.89 -3134.07 -3025.77 -2957.18 -2969.41 -3008.99 -3028.55 -3047.45 -3109.84 -3143.71 -3122.07 -3075.47 -3026.06 -2982.17 -2950.17 -2920.78 -2902.3 -2905.73 -2918.19 -2933.27 -2962.59 -2995.29 -3023.94 -3045.45 -3061.01 -3075.26 -3088.88 -3104.28 -3118 -3130.36 -3143.61 -3153.58 -3165.02 -3180.86 -3200.96 -3225.36 -3260.85 -3292.5 -3324.72 -3343.95 -3357.88 -3380.49 -3414.63 -3447.78 -3468.56 -3468.27 -3462.02 -3445.68 -3423.75 -3381.81 -3336.29 -3297.25 -3064.35 -2780.7 -2784.59 -3103.64 -3190.07 -3176.96 -3164.95 999999 999999 999999 999999 999999 999999
-3035.06 -3062.68 -3013.14 -2940.1 -2927.76 -2927.19 -2840.67 -2929.47 -3041.55 -3057.9 -3051.88 -3028.02 -2991.59 -2950.44 -2910.08 -2870.15 -2845.59 -2851.45 -2871.59 -2903.53 -2949.78 -2995.29 -3033.58 -3055.25 -3072.58 -3088.46 -3098.9 -3116.2 -3122.53 -3115.33 -3138.78 -3155.03 -3162.82 -3172.69 -3183.71 -3204.41 -3233.21 -3272.99 -3302.65 -3330.33 -3353.27 -3383.9 -3414.8 -3445.4 -3462.54 -3465.32 -3452.8 -3431.28 -3405.56 -3366.92 -3327.88 -3297.25 -3252.28 -3169.02 -3159.98 -3203.31 -3194 -3176.68 -3163.02 -3150.21 999999 999999 999999 999999 999999
-2872.75 -2983.87 -2983.43 -2953.97 -2902.08 -2800.22 -2701.82 -2755.24 -2809.13 -2946.13 -3004.6 -2994.32 -2950.44 -2914.8 -2870.89 -2828.64 -2796.44 -2783.34 -2806.01 -2844.38 -2897.18 -2960.82 -3005.17 -3041.5 -3064.1 -3085.24 -3099.27 -3119.94 -3120.21 -2774.81 -2796.5 -3152.06 -3164.15 -3169.57 -3178.17 -3193.12 -3219.05 -3258.15 -3293.53 -3321.65 -3343.48 -3370.88 -3401.03 -3433.27 -3449.8 -3448.06 -3429.73 -3407.54 -3381.42 -3342.3 -3309.86 -3281.66 -3251.76 -3231.97 -3215.03 -3203.2 -3189.31 -3172.45 -3158.8 -3147.99 -3139.97 -3135.16 -3129.75 999999 999999
-2722.11 -2918.29 -2959.46 -2944.2 -2871.69 -2833.99 -2776.17 -2787.08 -2803.68 -2854.67 -2940.56 -2966.46 -2923.15 -2879.81 -2850.84 -2800.77 -2760.52 -2731.83 -2742.36 -2780.66 -2835.93 -2897.04 -2956.85 -2999.32 -3031.43 -3060.85 -3086.87 -3113 -3114.42 -2726.61 -2719.18 -2984.81 -3164.22 -3169.88 -3181.13 -3195.98 -3212.38 -3249.65 -3289.63 -3317.69 -3332.56 -3347.43 -3372.91 -3407.32 -3426.64 -3420.38 -3401.24 -3381.42 -3348.65 -3313.57 -3285.96 -3262.9 -3238.58 -3221.26 -3208.99 -3195.51 -3181.97 -3167.9 -3155.64 -3145.32 -3137.28 -3131.97 -3124.2 -3115.52 999999
-2679.88 -2704.63 -2916.67 -2926.44 -2882.1 -2872.9 -2981.63 -2972.64 -2911.03 -2895.5 -2911.89 -2931.51 -2909.28 -2878.49 -2845.59 -2785.52 -2731.83 -2704 -2695.18 -2720.8 -2762.78 -2820.24 -2889.57 -2944.73 -2983.37 -3019.7 -3053.87 -3092.62 -3114.03 -2955.04 -2808.23 -2858.2 -3052.84 -3168.41 -3179.5 -3186.73 -3196.89 -3223 -3267.17 -3298.18 -3308.94 -3228.03 -3154.27 -3255.29 -3386.1 -3385.63 -3369.02 -3346.84 -3319.74 -3287.65 -3264.41 -3240.75 -3220.85 -3209.41 -3198 -3186.19 -3174.42 -3162.99 -3152.09 -3142 -3134.29 -3126.8 -3119.35 -3108.84 -2931.72
-2628.48 -2601.68 -2814.63 -2877.27 -2887.55 -2929.03 -3003.25 -3003.25 -2981.03 -2946.57 -2926.46 -2930.31 -2931.88 -2892.9 -2853.41 -2794.16 -2729.84 -2690.83 -2676.19 -2665.27 -2690.16 -2741.1 -2808.85 -2876.87 -2931.28 -2972.11 -3010.04 -3053.62 -3095.14 -3098.05 -2843.72 -2808.93 -2867.11 -3039.53 -3056.22 -3016.05 -2925.82 -2956.55 -3104.01 -3161.98 -3144.28 -3050.11 -3016.37 -3073.93 -3249.75 -3349.02 -3340.71 -3318.97 -3293.69 -3265.72 -3240.68 -3220.85 -3206.41 -3196.17 -3187.03 -3176.72 -3166.65 -3156.63 -3146.89 -3136.92 -3128.23 -3121.03 -3111.52 -3085.04 -2823.01
-2797.27 -2719.95 -2790.72 -2860.84 -2866.2 -2840.94 -2901.09 -2920.02 -2929.13 -2929.13 -2923.62 -2919.97 -2918.08 -2889.96 -2849.49 -2811.44 -2735.96 -2678.05 -2621.8 -2585.09 -2593.61 -2653.56 -2737.69 -2820 -2886.14 -2930.44 -2961.84 -3005.89 -3063.16 -3096.17 -3049.07 -2808.96 -2760.87 -2901.34 -2935.21 -2889.02 -2739.68 -2732.69 -2936.16 -3035.5 -3035.5 -3008.14 -2993.83 -3069.13 -3094.41 -3313.55 -3313.34 -3293.17 -3268.6 -3241.7 -3225.32 -3206.01 -3193.42 -3184.39 -3176.29 -3167.19 -3157.95 -3148.85 -3139.65 -3129.87 -3121.73 -3113.33 -3104.54 -2913.57 -2823.01
-2869.82 -2824.08 -2848.67 -2898.46 -2888.83 -2852.98 -2861.92 -2887.77 -2905.44 -2914.06 -2908.05 -2901.19 -2884.34 -2862.94 -2841.32 -2820.12 -2713.07 -2593.54 -2520.21 -2490.55 -2514.19 -2580.32 -2678.1 -2772.73 -2838.08 -2893.09 -2931.51 -2966.44 -3030.86 -3097.83 -3121.25 -3055.13 -2925.08 -2932.24 -2928.82 -2900.62 -2739.68 -2739.33 -2898.98 -3011.96 -3033.5 -3040.98 -3093.83 -3084.56 -3076.55 -3071.7 -3149.6 -3086.26 -3116.41 -3216.3 -3208.43 -3194.45 -3182.38 -3173.7 -3165.91 -3157.25 -3148.54 -3140.14 -3130.72 -3121.73 -3113.22 -3104.83 -3094.46 -2840.59 -2840.59
-2866.35 -2863.1 -2863.81 -2907.45 -2897.08 -2864.13 -2858.01 -2865.95 -2870.53 -2870.53 -2867.28 -2854.2 -2842.37 -2832.47 -2828.08 -2767.65 -2624.42 -2462.75 -2416.75 -2435.94 -2467.47 -2519.99 -2630 -2739.43 -2800.37 -2869.25 -2925.04 -2966.63 -3043.17 -3118.29 -3165.74 -3208.35 -3232.04 -3191.83 -3159.84 -3144.82 -3019.35 -2923.26 -2989.4 -3032.89 -3072.97 -3172.08 -3262.62 -3281.5 -3126.42 -3015.48 -3002.3 -2915.12 -2830.39 -3016.82 -3191.92 -3184.2 -3172.4 -3163.75 -3155.79 -3147.16 -3138.31 -3129.92 -3121.3 -3112.93 -3104.83 -3096.5 -3085.53 -2957.85 -2978.5
-2817.22 -2861.85 -2847.22 -2836.56 -2858.64 -2838.92 -2824.77 -2824.77 -2823.68 -2811.12 -2801.14 -2783.49 -2779.17 -2776.38 -2752.85 -2675.44 -2570.22 -2419.82 -2412.07 -2431.23 -2470.91 -2486.5 -2571.94 -2718.22 -2784.22 -2865.69 -2952.25 -3026.96 -3089.54 -3125.67 -3170.3 -3213.79 -3233.83 -3225.46 -3211.63 -3202.07 -3176.54 -3162.88 -3157.49 -3143.49 -3191.34 -3256.9 -3298.69 -3315.95 -3306.42 -3080.94 -2998.48 -2827.15 -2764.12 -2919.84 -3178.22 -3173.79 -3162.71 -3153.9 -3145.57 -3137.19 -3128.72 -3120.02 -3112.07 -3103.61 -3095.92 -3087.58 -3078.94 -3064.42 -3060.94
-2794.41 -2837.58 -2836.4 -2814.62 -2805.35 -2796.17 -2785.47 -2778.73 -2765.42 -2748.46 -2728.68 -2713.94 -2698.27 -2681.36 -2647.16 -2593.5 -2554.97 -2518.31 -2432.44 -2432.36 -2468.14 -2478.02 -2511.53 -2714.82 -2819.47 -2935.95 -3038.5 -3089.54 -3095.67 -3107.07 -3136.94 -3163.6 -3173.68 -3168.31 -3162.75 -3148.46 -3153.93 -3166.26 -3174.93 -3184.44 -3216.92 -3255.15 -3292.24 -3313.53 -3306.33 -3250.16 -3013.49 -2844.68 -2805.69 -3047.11 -3170.31 -3163.42 -3152.13 -3143.17 -3135.19 -3127.31 -3119.05 -3110.93 -3103.08 -3094.9 -3087.08 -3079.1 -3071.82 -3064.42 -3059.88
-2799.78 -2797.25 -2830 -2822.38 -2801.49 -2788.34 -2781.34 -2765.27 -2741.79 -2712.35 -2684.73 -2659.85 -2639.28 -2613.51 -2588.58 -2579.47 -2571.35 -2556.31 -2518.31 -2431.48 -2413.68 -2468.55 -2519.67 -2757.78 -2929.32 -3048.78 -3097.8 -3090.37 -3052.91 -3035.89 -3051.32 -3080.87 -3093.8 -3089.7 -3102.58 -3111.53 -3125.06 -3141.02 -3168.77 -3192.98 -3225.41 -3254.05 -3281.97 -3306.93 -3301.54 -3249.8 -3013.49 -2960.45 -2963.93 -3160.02 -3163.42 -3152.23 -3141.81 -3133.62 -3126.22 -3118.33 -3110.28 -3102.45 -3094.71 -3087.01 -3079.1 -3071.6 -3065.36 -3056.12 -3049.14
-2827.77 -2778.86 -2805.78 -2810.45 -2795.98 -2779.7 -2774.7 -2755.42 -2723.22 -2692.03 -2671.55 -2653.27 -2632.11 -2608.23 -2593.02 -2598.41 -2614.71 -2621.1 -2605.82 -2507.78 -2427.64 -2468.55 -2566.11 -2804.98 -2997.78 -3076.54 -3070.76 -2959.24 -2894.39 -2907.13 -2943.36 -2981.22 -3002.34 -3025.63 -3065.01 -3100.45 -3118.56 -3130.22 -3157.13 -3201.56 -3227.19 -3254.97 -3274.38 -3300.54 -3287.88 -3166.56 -2970.08 -2970.07 -3101.44 -3160.93 -3153.91 -3141.81 -3132.59 -3125.39 -3117.56 -3110.07 -3102.33 -3094.71 -3087.02 -3079.3 -3027.46 -3059.91 -3056.12 -3021.05 -2944.21
-2978.87 -2833.52 -2813.77 -2808.3 -2762.14 -2696.77 -2692.81 -2703.18 -2680.7 -2649.68 -2653.27 -2658.34 -2656.01 -2650.82 -2651.61 -2672.98 -2693.25 -2711.52 -2711.52 -2654.73 -2478.25 -2475.63 -2543.25 -2737.8 -2895.93 -2971.77 -2892.34 -2726.92 -2739.77 -2792.48 -2831.32 -2879.06 -2939.34 -2988.09 -3037.65 -3096.82 -3125.34 -3141 -3174.5 -3203.69 -3226.85 -3257.42 -3269.87 -3286.54 -3260.85 -2958.92 -2964.69 -3034.48 -3161.51 -3154.94 -3142.08 -3130.95 -3123.11 -3116.64 -3108.94 -3102.08 -3094.71 -3087.17 -3079.34 -3055.38 -2992.14 -3052.64 -3048.47 -3012.35 -2822.29
-3090.14 -3028.86 -2991.15 -2914.43 -2793.1 -2682.77 -2680.6 -2679.35 -2626.23 -2527.41 -2513.57 -2588.2 -2655.47 -2688.83 -2726.82 -2770.3 -2787.74 -2801.76 -2804.71 -2781.3 -2631.65 -2478.34 -2478.25 -2618.4 -2804.23 -2826.6 -2775.69 -2691.84 -2697.25 -2720.33 -2747.03 -2813.89 -2902.58 -2988.09 -3029.55 -3050.07 -3111.38 -3139.34 -3171.49 -3201.28 -3225.34 -3258.08 -3266.12 -3266.35 -2960.22 -2876.97 -2999.36 -3175.46 -3166.09 -3148.24 -3131.96 -3119.99 -3113.15 -3107.12 -3100.57 -3094.25 -3087.23 -3079.58 -3069.71 -3058.29 -3052.11 -3047.3 -3039.38 -3024.52 -2849.08
-3201.96 -3161.57 -3138.27 -3136.21 -3043.69 -2882.18 -2825.71 -2732.03 -2595.22 -2442.87 -2416.2 -2453.94 -2505.57 -2611.46 -2772.1 -2844.09 -2882.36 -2887.9 -2898.28 -2892.86 -2781.76 -2500.09 -2454.99 -2551.41 -2748.72 -2814.36 -2785.78 -2702.66 -2677.76 -2641.28 -2679.8 -2804 -2940.29 -3020.32 -3015.39 -2902.99 -2816.93 -2937.51 -3065.18 -3195.63 -3223.66 -3265.06 -3266.12 -3192.56 -2964.41 -2916.9 -3201.31 -3193.54 -3167.37 -3141.04 -3124.23 -3112.02 -3104.99 -3098.69 -3093.51 -3087.3 -3080.4 -3072.14 -3062.6 -3053.62 -3045.16 -3036.89 -3028.36 -3015.69 -2999.78
-3321.5 -3283.36 -3264.3 -3261.31 -3223.17 -3163.89 -3110.41 -2986.64 -2758.22 -2513.62 -2415.87 -2411.34 -2423.21 -2489.78 -2704.81 -2893.27 -2952.11 -2973.29 -2977.69 -2986.05 -2923.16 -2625.81 -2479.86 -2597.13 -2768.68 -2821.48 -2819.36 -2742.96 -2691.34 -2656.81 -2738.51 -2894.39 -3024.41 -3056.17 -2990.98 -2746.89 -2620.11 -2719.68 -2847.37 -3021.97 -3219.08 -3265.06 -3268.69 -3260.12 -3134.69 -3215.6 -3215.4 -3193.54 -3167.53 -3141.04 -3119.65 -3106.71 -3098.66 -3092.27 -3087.91 -3082.12 -3074.18 -3065.01 -3054.29 -3044.01 -3033.86 -3025.15 -3015.48 -3005.18 -2997.58
-3443.15 -3409.62 -3382.78 -3374.03 -3345.4 -3305.49 -3267.01 -3248.28 -3139.65 -2789.16 -2537.22 -2396.2 -2374.83 -2486.29 -2737.42 -2959.1 -3041.95 -3067.52 -3069.3 -3064.02 -3027.2 -2815.19 -2659.44 -2739.3 -2848.3 -2886.19 -2867.59 -2827.18 -2781.37 -2799.62 -2894.39 -3007.41 -3089.24 -3110.75 -3051.16 -2886.25 -2692.27 -2720.03 -2724.08 -2816.11 -3088.95 -3267.23 -3279.52 -3278.67 -3259.45 -3239.55 -3221.12 -3185.57 -3163.18 -3145.31 -3123.48 -3104.9 -3093.18 -3088.15 -3083.35 -3076.34 -3067.4 -3056.99 -3045.37 -3033.44 -3022.29 -3012.1 -3001.82 -2994.23 -2987.85
-3546.69 -3518.31 -3499.43 -3493.92 -3472.85 -3440.78 -3402.85 -3368.93 -3332.81 -3151.6 -2792.83 -2516.62 -2442.69 -2598.01 -2817.87 -3034.49 -3117.24 -3152.85 -3145.25 -3122.41 -3100.48 -3027.16 -2897.76 -2908.77 -2966.17 -2973.02 -2951.85 -2925.64 -2924.66 -2963.25 -3021.27 -3101.52 -3167.39 -3219.71 -3215.65 -3079.06 -2921.46 -2825.54 -2731.72 -2758.54 -2985.11 -3251.93 -3289.31 -3296.6 -3280.22 -3248.57 -3194.11 -3118.82 -3147.26 -3142.3 -3128.31 -3104.9 -3089.77 -3084.27 -3078.19 -3069.28 -3059.18 -3047.3 -3034.78 -3021.49 -3009.68 -2998.26 -2988.61 -2981.16 -2974.78
-3641.27 -3620.91 -3599.39 -3586.28 -3571.55 -3547.99 -3523.86 -3494.98 -3482.11 -3405.18 -3143.2 -2802.14 -2670.08 -2766.57 -2935.43 -3165.09 -3273.28 -3258.03 -3237.22 -3213.79 -3179.04 -3134.82 -3080.49 -3073.53 -3090.86 -3083.37 -3068.32 -3065.7 -3076.55 -3107.18 -3138.79 -3188.03 -3238.98 -3273.05 -3285.77 -3260 -3158.59 -3099.88 -3083.43 -3003.77 -3101.9 -3236.37 -3299.79 -3307.21 -3293.75 -3208 -3059.85 -2920.31 -2942.48 -3135.58 -3129.81 -3107.44 -3087.35 -3079.54 -3071.4 -3060.24 -3048.73 -3036.22 -3022.6 -3007.97 -2995.58 -2984.46 -2975.76 -2969.08 -2963.89
-3632.05 -3652.13 -3662.95 -3682.51 -3674.89 -3664.82 -3660.05 -3637.72 -3623.61 -3583.76 -3421.82 -3106.59 -2897 -2905.76 -3074.04 -3322.41 -3392.16 -3382.45 -3345.96 -3315.16 -3284.04 -3214.27 -3133.78 -3131.61 -3210.53 -3246.68 -3234.44 -3238.25 -3249.04 -3255.81 -3256.69 -3267.9 -3297.97 -3318.52 -3334.33 -3314.74 -3302.5 -3311.23 -3263.76 -3148.2 -3145.42 -3267.47 -3304.83 -3313.39 -3290.27 -3124.53 -2988.87 -2857.61 -2883.34 -3114.86 -3129.21 -3113.14 -3084.76 -3072.99 -3061.05 -3048.98 -3036.22 -3022.6 -3007.57 -2992.7 -2979.92 -2970.32 -2962.74 -2959.03 -2949.92
-3604.89 -3563.08 -3682.51 -3743.81 -3776.51 -3775.22 -3749.93 -3746.76 -3751.08 -3734.89 -3622.67 -3287.12 -2982.9 -2957.59 -3166.65 -3420.87 -3493.44 -3483.13 -3453.18 -3422.52 -3373.23 -3272.59 -3128.94 -3128.4 -3223.52 -3252.33 -3261.77 -3297.57 -3343.72 -3357.16 -3351.36 -3349.39 -3356.68 -3364.12 -3354.07 -3282.42 -3306.61 -3321.35 -3275.99 -3134.2 -3141.8 -3274.55 -3311.81 -3314.49 -3171.02 -3016.57 -2935.01 -2862.01 -2881.07 -3048.33 -3127.01 -3115.37 -3081.25 -3062.94 -3048.98 -3035.48 -3021.37 -3006.92 -2992.14 -2977.11 -2961.16 -2955.55 -2950 -2946.25 -2938.34
-3271.95 -3468.01 -3562.08 -3529.94 -3734.19 -3831.81 -3847.45 -3846.44 -3848.19 -3874.51 -3774.89 -3384.17 -3044.82 -2998.15 -3191.77 -3496.9 -3567.82 -3564.66 -3539.7 -3531.74 -3467.92 -3249.39 -2987.65 -2930.17 -3019.41 -3035.46 -3111.62 -3284.81 -3367.39 -3396.19 -3396.19 -3416.56 -3421.21 -3386.26 -3222.4 -3018.16 -3053.03 -3165.03 -3079.66 -2954.62 -2954.62 -3159.45 -3295.65 -3173.85 -2987.72 -2871.19 -2849.88 -2825.08 -2853.66 -2988.12 -3121.27 -3116.2 -3074.1 -3048.5 -3032.14 -3020.7 -3006.29 -2990.67 -2975.15 -2737.69 -2792.8 -2920.09 -2937.24 -2937.82 -2938.34
-2937.82 -3057.6 -3177.39 -3331.48 -3318.22 -3495.56 -3847.45 -3887.09 -3904.61 -3900.6 -3784.96 -3345.96 -3116.97 -3059.61 -3358.9 -3628.6 -3683.89 -3667.5 -3632.03 -3603.49 -3533.3 -3078.98 -2688.33 -2569.37 -2707.87 -2812.31 -2872.69 -2997.84 -3163.28 -3250.84 -3257.08 -3382.06 -3421.21 -3217.09 -2962.92 -2748.32 -2613.37 -2869.46 -2881.03 -2863.12 -2732.16 -2738.78 -2959.58 -2926.28 -2785.52 -2618.8 -2564.97 -2614.17 -2671.38 -2836.39 -3065.15 -3085.3 -3023.18 -2941.01 -2942.68 -2998.62 -2986.45 -2973.64 -2804.35 -2671.84 -2687.11 -2834.69 -2920.32 -2929.64 -2937.04
