data/bathymetry/0Ma_Bathymetry.grd
DSAA
91 71
1000000 1090000
7230000 7300000
1796.01 2607.8
[rows 30 to 59 of 71, columns 0 to 67 of 91]
2304.81 2306.18 2308.36 2311.01 2313.93 2317.02 2320.15 2322.97 2325.28 2327.12 2328.47 2329.34 2329.92 2330.4 2331.46 2333.77 2335.33 2335.01 2335.74 2337.06 2337.78 2339.63 2342.89 2346.96 2351.31 2355.48 2359.38 2363.63 2368.53 2373.74 2379.05 2384.48 2390.06 2395.85 2401.89 2408.12 2414.6 2421.73 2429.64 2437.95 2446.51 2455.39 2464.46 2472.84 2479.36 2482.99 2485.09 2493.53 2505.73 2514.25 2519.97 999999 999999 999999 999999 999999 999999 999999 999999 999999 999999 999999 999999 999999 999999 999999 999999 999999
2300.2 2301.22 2303.24 2305.88 2308.98 2312.35 2315.83 2319.03 2321.73 2323.97 2325.81 2327.21 2328.32 2329.24 2329.65 2329.39 2329.09 2329.45 2331.29 2333.86 2335.81 2338.05 2340.96 2344.36 2348.01 2351.6 2355.11 2359.09 2363.83 2368.91 2374.11 2379.45 2384.95 2390.66 2396.61 2402.78 2409.24 2416.38 2424.36 2432.77 2441.39 2450.3 2459.31 2467.48 2473.97 2478.03 2479.63 2485.7 2496.8 2505.65 2510.94 2515.83 2521.28 999999 999999 999999 999999 999999 999999 999999 999999 999999 999999 999999 999999 999999 999999 999999
2293.72 2295.01 2297.31 2300.33 2303.82 2307.63 2311.53 2315.16 2318.33 2321.05 2323.33 2325.03 2326.63 2328.44 2328.67 2326.67 2325.53 2326.42 2328.23 2330.71 2333.21 2335.78 2338.55 2341.55 2344.71 2347.86 2350.98 2354.66 2359.21 2364.13 2369.19 2374.41 2379.8 2385.4 2391.26 2397.36 2403.76 2410.91 2418.95 2427.45 2436.21 2445.33 2454.51 2462.87 2470.4 2476.75 2480.06 2484.64 2493.5 2501.87 2507.18 2511.51 2516.7 2521.53 2527.14 999999 999999 999999 999999 999999 999999 999999 999999 999999 999999 999999 999999 999999
2285.2 2287.22 2290.27 2293.93 2298.03 2302.42 2306.95 2311.15 2314.81 2317.98 2320.47 2322.03 2323.45 2325.1 2325.41 2324.32 2323.76 2324.6 2326.09 2328.15 2330.65 2333.18 2335.8 2338.56 2341.35 2344.13 2346.9 2350.3 2354.62 2359.35 2364.26 2369.33 2374.59 2380.07 2385.83 2391.82 2398.15 2405.26 2413.32 2421.9 2430.79 2440.03 2448.96 2457.08 2466.15 2475.15 2480.22 2484.91 2492.72 2500.7 2506.02 2509.79 2514.44 2519.29 2524.6 2533.47 2545.23 999999 999999 999999 999999 999999 999999 999999 999999 999999 999999 999999
2274.12 2277.22 2281.12 2285.54 2290.33 2295.39 2300.59 2305.43 2309.62 2313.23 2315.8 2317.08 2317.99 2318.92 2319.62 2320.15 2320.54 2321.47 2323.14 2325.42 2327.89 2330.18 2332.61 2335.07 2337.53 2340.02 2342.52 2345.74 2349.86 2354.46 2359.24 2364.18 2369.32 2374.7 2380.37 2386.27 2392.5 2399.52 2407.5 2416.01 2424.77 2433.53 2441.57 2449.18 2458.43 2467.95 2474.87 2481.93 2490.48 2497.93 2503.43 2508.16 2514.18 2521.83 2529.65 2536.94 2544.54 2551.46 2557.03 999999 999999 999999 999999 999999 999999 999999 999999 999999
2261.68 2265.79 2270.63 2275.86 2281.43 2287.2 2293.03 2298.47 2303.28 2307.42 2310.3 2311.79 2312.06 2311.74 2312.68 2314.65 2316.09 2317.28 2319.29 2321.94 2324.41 2326.72 2328.94 2331.01 2333.12 2335.13 2337.42 2340.72 2344.81 2349.39 2354.1 2358.98 2364.06 2369.39 2375 2380.79 2386.88 2393.76 2401.58 2409.86 2418.29 2426.51 2434.18 2442.09 2450.9 2459.26 2467.33 2476.36 2485.67 2493.27 2499.55 2506.16 2514.45 2523.98 2532.42 2538.36 2542.71 2547.4 2552.59 2557.85 999999 999999 999999 999999 999999 999999 999999 999999
2248.32 2253.79 2259.92 2266.25 2272.7 2279.25 2285.77 2291.87 2297.43 2302.29 2305.96 2307.82 2307.23 2305.96 2306.66 2308.85 2310.88 2312.57 2314.67 2317.24 2319.86 2322.37 2324.6 2326.78 2328.69 2330.06 2332.13 2335.38 2339.39 2344.03 2348.76 2353.7 2358.77 2364.09 2369.62 2375.25 2381.12 2387.78 2395.3 2403.25 2411.49 2419.46 2426.63 2433.8 2441.95 2450.29 2458.93 2468.28 2477.54 2486.4 2494.79 2503.8 2513.58 2522.41 2529.37 2534.55 2538.88 2543.56 2548.85 2554.33 2559.76 2565.37 2571.33 999999 999999 999999 999999 999999
2235.44 2241.78 2249.45 2256.88 2264.13 2271.35 2278.48 2285.32 2291.77 2297.5 2301.81 2303.55 2302.43 2301.5 2302.19 2304.12 2306.06 2307.89 2309.91 2312.22 2314.68 2317.21 2319.71 2322.27 2324.1 2325.4 2327.34 2330.27 2333.98 2338.38 2343.03 2348.24 2353.39 2358.76 2364.19 2369.61 2375.2 2381.52 2388.65 2396.37 2404.79 2413.02 2419.95 2426.47 2433.94 2441.48 2449.72 2459.27 2469.2 2479.59 2489.94 2499.71 2507.63 2514.81 2522.82 2529.41 2535.13 2540.39 2545.54 2550.84 2556.4 2562.23 2568.5 2575.35 999999 999999 999999 999999
2226.12 2232.75 2240.45 2248.21 2255.89 2263.52 2271.13 2278.55 2285.79 2291.93 2295.99 2297.23 2296.82 2296.95 2297.87 2299.38 2301.17 2303.03 2305.01 2307.18 2309.51 2311.94 2314.44 2316.98 2319.05 2320.75 2322.72 2325.55 2328.98 2332.9 2337.19 2342.27 2347.5 2353.16 2358.62 2363.89 2369.15 2375.04 2381.69 2389.14 2397.8 2406.16 2412.85 2419.45 2426.21 2432.62 2440.37 2450.88 2462.1 2474.31 2485.94 2494.66 2501.65 2508.47 2516.42 2523.73 2530.26 2535.98 2541.13 2546.46 2552.36 2558.71 2565.78 2573.72 2580.97 999999 999999 999999
2218.3 2224.8 2232.21 2239.88 2247.52 2255.23 2263.06 2271.1 2279.22 2285.62 2288.89 2289.79 2290.42 2291.18 2292.41 2293.96 2295.84 2297.8 2299.79 2301.94 2304.25 2306.65 2309.09 2311.54 2313.76 2315.82 2317.96 2320.83 2324.17 2327.7 2331.42 2336.06 2341.42 2347.32 2352.94 2358.1 2362.93 2368.19 2373.98 2380.56 2389.19 2398.25 2405.38 2412.17 2417.53 2421.52 2429.63 2443.11 2456.92 2470.57 2481.19 2489.22 2496.32 2503.47 2511.15 2518.59 2525.51 2531.57 2536.94 2542.4 2548.37 2555.08 2563.04 2572.25 2580.15 2584.67 2588.08 999999
2210.19 2216.74 2223.97 2231.37 2238.8 2246.24 2253.91 2262.57 2271.96 2278.47 2280.38 2281.32 2282.95 2284.34 2285.97 2287.82 2289.96 2292.08 2294.17 2296.39 2298.79 2301.25 2303.76 2306.24 2308.62 2310.86 2313.15 2316.11 2319.55 2322.85 2326.34 2330.93 2336.27 2341.83 2347.15 2351.95 2356.37 2361.12 2366.05 2371.5 2379.77 2389.84 2398.19 2405.56 2410.14 2411.93 2419.82 2438.27 2453.07 2464.7 2474.77 2482.9 2490.49 2498.07 2505.83 2513.44 2520.66 2527.13 2532.89 2538.47 2544.37 2551.18 2559.58 2568.87 2576.26 2580.5 2583.75 2588.2
2201.6 2208.14 2215.16 2222.25 2229.17 2235.65 2242.56 2251.64 2262.05 2268.64 2271.5 2273.29 2275.06 2276.74 2278.78 2281.06 2283.52 2285.9 2288.15 2290.54 2293.08 2295.7 2298.38 2301.04 2303.57 2305.93 2308.26 2311.29 2314.87 2318.33 2322.1 2326.82 2331.86 2336.5 2341.12 2345.63 2350.09 2355.1 2359.85 2365 2373.38 2383.54 2393.04 2401.81 2407.87 2412.44 2422.8 2438.16 2448.35 2456.6 2467.25 2476.32 2484.61 2492.62 2500.49 2508.23 2515.63 2522.28 2528.19 2533.73 2539.59 2546.84 2555.1 2563.14 2569.81 2574.18 2577.6 2583.09
2192.76 2199.18 2205.95 2212.63 2218.52 2223.57 2229.82 2240.01 2249.92 2255.88 2260.99 2264.3 2266.37 2268.48 2271.05 2273.79 2276.68 2279.36 2281.85 2284.46 2287.24 2290.09 2293.01 2295.87 2298.58 2301.02 2303.33 2306.32 2309.89 2313.42 2317.3 2322.01 2326.75 2330.87 2335.45 2340.39 2345.59 2351.63 2356.82 2361.98 2370.45 2380.37 2390.72 2400.67 2408.54 2416.12 2427.33 2438.11 2445.55 2452.76 2462.2 2471.2 2479.6 2487.71 2495.61 2503.39 2510.89 2517.68 2523.79 2529.67 2535.86 2543.72 2551.9 2557.98 2563.04 2567 2571.04 2578.41
2183.33 2189.71 2196.28 2202.22 2206.81 2210.62 2216.91 2228.29 2237.83 2242.28 2248.71 2253.26 2256.5 2259.56 2262.79 2266.06 2269.4 2272.46 2275.23 2278.15 2281.25 2284.4 2287.57 2290.66 2293.53 2296.05 2298.37 2301.24 2304.63 2307.97 2311.56 2315.89 2320.45 2324.92 2330.42 2336.77 2343.11 2349.94 2355.98 2361.46 2369.57 2379.33 2390.17 2400.62 2410.26 2420.01 2428.67 2436.83 2443.62 2450.78 2459.18 2467.56 2475.62 2483.52 2491.35 2499.13 2506.75 2513.72 2520.12 2526.59 2533.43 2541.89 2550.12 2554.77 2558.13 2561.56 2567.2 2576.49
2172.65 2179.02 2185.26 2190.26 2193.54 2195.94 2199.66 2208.68 2220.06 2228.82 2236.4 2241.8 2245.94 2249.75 2253.59 2257.42 2261.28 2264.79 2268.01 2271.35 2274.88 2278.42 2281.88 2285.22 2288.29 2290.94 2293.28 2296.02 2299.14 2302.16 2305.36 2309.23 2313.6 2318.56 2325.39 2333.57 2340.6 2347.19 2354.31 2360.84 2368.67 2378.57 2389.35 2399.32 2409.29 2419.4 2427.2 2434.54 2441.34 2448.56 2456.36 2464.25 2471.99 2479.73 2487.46 2495.19 2502.79 2509.89 2516.58 2523.46 2530.74 2538.53 2544.93 2548.81 2552.9 2558.35 2566.07 2574.86
2161.28 2167.61 2173.81 2178.52 2181.59 2183.95 2186.5 2191.65 2202.66 2215.69 2224.17 2230.08 2234.86 2239.29 2243.68 2248.06 2252.42 2256.45 2260.22 2264.13 2268.17 2272.14 2275.94 2279.59 2282.91 2285.72 2288.09 2290.68 2293.49 2296.2 2299.07 2302.56 2306.64 2311.93 2320.04 2329.63 2337.04 2343.75 2351.87 2359.26 2367.09 2377.37 2388.37 2397.87 2407.23 2416.49 2424.06 2431.14 2437.87 2444.89 2452.24 2459.68 2467.16 2474.71 2482.27 2489.87 2497.34 2504.43 2511.21 2517.95 2524.75 2531.29 2535.59 2539.47 2546.05 2554.15 2562.5 2568.86
2149.89 2156.36 2162.73 2167.83 2171.37 2174.41 2178.25 2183.56 2193.5 2205.09 2212.92 2218.92 2224.09 2229.01 2233.9 2238.75 2243.6 2248.13 2252.47 2256.96 2261.54 2265.95 2270.12 2274.09 2277.63 2280.58 2282.96 2285.39 2287.99 2290.49 2293.05 2295.99 2299.56 2304.95 2313.83 2324.24 2332.83 2340.87 2349.93 2358.41 2366.97 2377.18 2387.66 2396.4 2404.43 2412.65 2420.22 2427.09 2433.56 2440.27 2447.26 2454.34 2461.45 2468.69 2475.98 2483.36 2490.68 2497.73 2504.42 2510.59 2516.03 2520.93 2524.8 2530.77 2538.59 2546.45 2553.47 2557.77
2138.79 2145.41 2152.26 2158.19 2161.81 2163.98 2169.43 2177.69 2186.88 2195.74 2202.52 2208.37 2213.77 2219.06 2224.34 2229.62 2234.94 2240.04 2244.96 2250.04 2255.17 2260.03 2264.58 2268.82 2272.53 2275.55 2277.97 2280.44 2283.16 2285.53 2287.66 2289.95 2292.28 2296.08 2305.36 2317.39 2328.07 2338.35 2348.98 2359.23 2368.9 2378.1 2386.56 2394.13 2401.24 2409.02 2416.56 2423 2429.21 2435.72 2442.48 2449.27 2456.05 2462.97 2469.96 2477.07 2484.27 2491.35 2498.12 2504.07 2508.09 2511.65 2517.02 2525.54 2532.79 2538.01 2542.27 2545.45
2127.79 2135.03 2143.37 2151.21 2155.61 2157.66 2163.26 2171.48 2179.2 2186.3 2192.51 2198.3 2203.86 2209.4 2215 2220.71 2226.52 2232.21 2237.72 2243.4 2249.13 2254.47 2259.36 2263.82 2267.67 2270.83 2273.48 2276.36 2279.34 2281.63 2283.88 2286.08 2285.68 2285.41 2296.08 2312 2325.13 2337.31 2349.56 2360.93 2370.01 2377.83 2384.8 2391.14 2397.8 2405.86 2413.04 2418.63 2424.66 2431.15 2437.88 2444.44 2450.85 2457.36 2463.93 2470.84 2478.08 2485.36 2492.63 2499.28 2502.3 2505.56 2513.14 2521.45 2526.38 2528.75 2532.56 2537.21
2117.08 2125.68 2136.36 2146.76 2153.8 2156.19 2159.66 2165.4 2171.25 2177.14 2182.87 2188.55 2194.19 2199.94 2205.88 2212.03 2218.38 2224.63 2230.76 2237.14 2243.57 2249.35 2254.56 2259.28 2263.38 2266.85 2270.09 2273.59 2277.04 2280.26 2284.61 2289.58 2289.83 2286.36 2295.74 2312.37 2325.99 2338.62 2351.29 2362.09 2369.36 2375.65 2381.79 2387.56 2394.58 2402.51 2409.49 2414.71 2420.22 2426.25 2432.81 2439.18 2445.45 2451.67 2457.88 2464.65 2471.73 2478.95 2486.75 2494.38 2497.15 2501.08 2510.09 2517.22 2520.56 2522.18 2527.84 2534.24
2106.03 2116 2128.05 2141.24 2150 2152.4 2154.32 2158.12 2162.77 2167.91 2173.33 2178.94 2184.67 2190.68 2197 2203.61 2210.48 2217.33 2224.2 2231.36 2238.44 2244.68 2250.46 2255.63 2260.11 2264.13 2268.14 2272.41 2277.18 2283.03 2291.28 2300.1 2303.95 2301.11 2306.13 2318.09 2329.54 2340.5 2351.83 2362.34 2366.75 2371 2376.89 2382.47 2389.11 2396.38 2403.44 2409.19 2414.9 2421.19 2427.35 2433.05 2439.57 2445.65 2451.51 2457.85 2464.35 2471 2478.18 2485.9 2490.57 2496.29 2505.1 2510.78 2514.61 2519.2 2525.81 2531.63
2093.48 2104.28 2118.06 2132.46 2139.93 2142.78 2145.05 2148.64 2153.02 2158.05 2163.42 2169.12 2175.07 2181.42 2188.17 2195.28 2202.69 2210.22 2217.89 2225.77 2233.37 2240.44 2247.35 2253.07 2257.88 2262.39 2267.03 2272.27 2279.08 2288.59 2299.28 2307.78 2312.18 2312.14 2315.67 2324.07 2333.08 2340.61 2349.23 2358.47 2361.2 2365.06 2370.78 2376.04 2381.9 2388.1 2394.58 2400.47 2407.36 2414.47 2421.6 2428.04 2434.26 2439.29 2444.35 2449.8 2455.81 2462.1 2468.27 2475.42 2482.07 2488.93 2496.89 2502.59 2507.76 2515.01 2522.03 2528.06
2079.01 2090.47 2109.36 2122 2127.19 2130.03 2133.16 2137.21 2142.02 2147.32 2152.97 2158.96 2165.26 2172.04 2179.25 2186.88 2194.85 2203.12 2211.54 2219.97 2228.37 2236.87 2245.57 2251.46 2256.17 2261.07 2266.16 2271.88 2280.4 2292.14 2302.04 2308.11 2311.82 2314.46 2319.27 2326.9 2334.43 2338.83 2343.61 2349.01 2353.24 2358.31 2363.64 2368.59 2373.65 2378.98 2384.48 2390.26 2397.33 2405.24 2413.75 2421.81 2429.27 2433.74 2436.9 2440.48 2446.17 2452.29 2458.32 2465.55 2472.75 2479.8 2486.94 2492.72 2499.38 2507.9 2514.01 2519.27
2061.95 2075.96 2096.04 2106.84 2111.38 2115.32 2119.42 2124.41 2129.82 2135.63 2141.76 2148.25 2155 2162.27 2169.98 2178.14 2186.7 2195.6 2204.6 2213.58 2222.93 2233.01 2243.8 2248.99 2253.65 2259.15 2264.45 2269.7 2277.97 2289.15 2297.57 2303.34 2307.76 2312.26 2317.99 2325.01 2331.17 2333.67 2337.52 2341.93 2346.33 2351.12 2355.83 2360.3 2364.74 2369.32 2374.14 2379.38 2385.83 2393.03 2401.5 2409.87 2418.2 2424.2 2427.97 2431.63 2436.2 2441.43 2447.56 2455.48 2462.54 2468.84 2474.64 2480.35 2486.47 2493.56 2499.08 2504
2048.79 2063.4 2077.58 2086.74 2092.76 2098.25 2103.77 2109.75 2116.07 2122.58 2129.27 2136.22 2143.46 2151.23 2159.43 2168.12 2177.18 2186.51 2195.94 2205.49 2215.32 2225.68 2236.59 2242.3 2248.87 2254.91 2260.18 2264.32 2270.94 2280.35 2288.13 2294.99 2300.43 2305.66 2311.6 2317.56 2321.26 2322.23 2328.37 2333.83 2337.73 2342.06 2346.2 2350.28 2354.08 2358.27 2362.48 2367.38 2372.77 2378.98 2386.61 2394.32 2402.32 2411.01 2417.06 2421.51 2425.87 2431.79 2437.81 2445.9 2451.42 2456.09 2461.08 2465.98 2469.45 2473.71 2482.18 2490.53
2033 2049.14 2058.23 2066.09 2073.18 2080.25 2087 2094.03 2101.02 2108.23 2115.52 2123.09 2130.91 2139.17 2147.82 2156.96 2166.4 2176.12 2185.82 2195.65 2205.37 2214.85 2223.8 2232.78 2242.63 2247.98 2252.99 2256.08 2261.06 2268.44 2276.06 2284.87 2290.21 2294.57 2300.66 2306.05 2307.74 2307.24 2314.56 2321.36 2325.84 2330.07 2333.91 2337.48 2340.96 2344.54 2348.36 2352.6 2356.97 2363.05 2370.27 2376.25 2385.55 2397.64 2404.09 2409.42 2414.85 2421.4 2425.3 2430.72 2435.2 2440.74 2446.18 2451.22 2454.97 2459.98 2468.42 2477.93
2011.54 2027.59 2037.26 2045.61 2053.92 2062.08 2070.03 2077.88 2085.67 2093.5 2101.46 2109.64 2118.01 2126.79 2135.89 2145.4 2155.16 2165.05 2174.89 2184.86 2194.66 2204.14 2214.06 2223.5 2233.68 2236.96 2243.92 2246.44 2249.02 2253.99 2261.21 2274.83 2279.45 2282.4 2287.84 2293.37 2295.75 2295.34 2301.89 2308.49 2312.79 2316.67 2319.99 2323.31 2326.24 2329.47 2332.49 2336.02 2340.12 2347.08 2353.63 2356.99 2369.58 2386.64 2390.94 2397.23 2402.07 2408.41 2409.61 2409.94 2415.56 2424.53 2431.26 2436.46 2441.69 2448.73 2455.42 2464.31
2000.09 2010.27 2017.54 2026.08 2034.95 2044.17 2053.03 2061.67 2069.98 2078.56 2087.16 2095.98 2104.95 2114.22 2123.73 2133.59 2143.65 2153.63 2163.4 2173.28 2182.81 2192.21 2202.13 2210.74 2217.35 2219.21 2229.12 2232.65 2233.35 2235.65 2241.25 2257.22 2264.7 2268.15 2272.77 2279.15 2284.27 2285.9 2291.1 2295.96 2299.4 2302.54 2305.51 2308.28 2310.86 2313.4 2316.01 2318.92 2323.86 2329.95 2330.14 2327.47 2342.3 2365.42 2373.09 2380.75 2387.06 2395.16 2396.93 2395.62 2402.45 2412.92 2418.12 2421.27 2425.74 2432.63 2440 2449.84
1982.18 1989.85 1997.69 2006.76 2016.65 2026.71 2036.27 2045.31 2054.35 2063.51 2072.82 2082.23 2091.75 2101.46 2111.37 2121.6 2131.82 2141.67 2151.13 2160.58 2169.74 2179 2187.86 2194.86 2197.38 2198.56 2208.75 2213.47 2213.22 2217.29 2221.32 2234.74 2244.93 2248.75 2252.3 2261.15 2271.51 2275.31 2279.07 2282.31 2284.93 2287.76 2290.28 2292.76 2294.74 2297.12 2299.44 2302.69 2306.12 2307.74 2300.14 2292.42 2308.84 2339.75 2353.83 2364.46 2373.01 2381.39 2384.75 2386.72 2392.92 2401.58 2404.44 2405.2 2408.98 2415.89 2424.78 2435.74
1962.86 1971.36 1978.84 1988.54 1999.7 2010.36 2020.17 2029.75 2039.11 2048.93 2058.84 2068.74 2078.75 2088.84 2099.09 2109.59 2119.83 2129.35 2138.39 2147.36 2156.32 2165.17 2173.02 2178.78 2180.24 2184.61 2194.64 2194.67 2191.4 2199.56 2205.96 2217.07 2225 2225.45 2223.96 2231.8 2251.19 2259.33 2263.4 2266.43 2269.14 2271.84 2274.26 2276.28 2278.24 2280.17 2282.75 2286.03 2288.66 2290.06 2290.69 2294.89 2305.1 2327.22 2341.92 2351.37 2359.92 2366.96 2371.04 2374.46 2379.71 2386.25 2388.7 2389.52 2394.1 2401.58 2411.31 2422.73
