data/density/000.00_density.grd
DSAA
91 71
1000000 1090000
7230000 7300000
1.92462 1.9485
[rows 30 to 59 of 71, columns 0 to 67 of 91]
1.92753 1.92753 1.92752 1.9275 1.92758 1.92749 1.92767 1.92792 1.92825 1.92852 1.92888 1.92902 1.92907 1.92895 1.92885 1.92867 1.92866 1.92876 1.92903 1.92935 1.93007 1.93044 1.93116 1.93146 1.93174 1.93168 1.93158 1.93109 1.93114 1.93111 1.93178 1.9325 1.93331 1.93427 1.9345 1.93473 1.93403 1.93357 1.93207 1.93132 1.92998 1.92927 1.9285 1.92828 1.92807 1.92798 1.92804 1.92808 1.92803 1.92796 1.92817 999999 999999 999999 999999 999999 999999 999999 999999 999999 999999 999999 999999 999999 999999 999999 999999 999999
1.92754 1.92754 1.92753 1.92751 1.92756 1.92748 1.92765 1.92793 1.92824 1.92854 1.92887 1.92903 1.92908 1.92897 1.92887 1.92867 1.92864 1.92874 1.92899 1.92935 1.93002 1.93046 1.93115 1.93151 1.93178 1.93172 1.9316 1.93107 1.93108 1.93105 1.93124 1.93232 1.93373 1.93471 1.93575 1.9355 1.93539 1.93407 1.93322 1.93176 1.93067 1.92975 1.92905 1.9286 1.92835 1.92846 1.92839 1.92852 1.92852 1.92843 1.92815 1.92812 1.92806 999999 999999 999999 999999 999999 999999 999999 999999 999999 999999 999999 999999 999999 999999 999999
1.92749 1.92755 1.92754 1.92751 1.92723 1.92729 1.92743 1.92772 1.92817 1.92853 1.92888 1.9291 1.92914 1.92908 1.92882 1.9286 1.92851 1.92849 1.92885 1.92933 1.9299 1.9307 1.93126 1.93186 1.93206 1.93203 1.93153 1.93107 1.93056 1.93065 1.9312 1.93225 1.93375 1.93477 1.93583 1.93562 1.93541 1.93417 1.9332 1.93186 1.93068 1.92979 1.92904 1.92865 1.92839 1.92847 1.92842 1.92858 1.92859 1.92851 1.92819 1.92808 1.92804 1.92809 1.92874 999999 999999 999999 999999 999999 999999 999999 999999 999999 999999 999999 999999 999999
1.9275 1.92752 1.92755 1.9275 1.9272 1.92723 1.92739 1.92768 1.92817 1.92851 1.92889 1.9291 1.92915 1.9291 1.92881 1.92858 1.92846 1.92845 1.92885 1.9293 1.92995 1.93067 1.93133 1.93189 1.93213 1.93211 1.93153 1.93106 1.93045 1.93049 1.93113 1.93209 1.93387 1.93487 1.93615 1.93604 1.9358 1.93478 1.93362 1.93249 1.93107 1.93028 1.92936 1.92904 1.92872 1.92877 1.9287 1.92884 1.92884 1.92878 1.9284 1.92825 1.92815 1.92865 1.92884 1.93 1.93105 999999 999999 999999 999999 999999 999999 999999 999999 999999 999999 999999
1.92749 1.92752 1.9275 1.92746 1.92708 1.92708 1.92726 1.92752 1.92796 1.92846 1.92879 1.92903 1.92915 1.92902 1.92876 1.92855 1.92833 1.92851 1.92882 1.92941 1.93009 1.93077 1.93153 1.93197 1.93228 1.93205 1.93156 1.93093 1.93037 1.92959 1.93092 1.93136 1.93379 1.93513 1.93686 1.93715 1.93664 1.93648 1.93481 1.93428 1.93238 1.93174 1.93054 1.93038 1.93 1.92985 1.92985 1.92994 1.93034 1.92997 1.92995 1.92917 1.92906 1.92929 1.92984 1.93076 1.93115 1.93151 1.93248 999999 999999 999999 999999 999999 999999 999999 999999 999999
1.92746 1.92748 1.92745 1.92735 1.92695 1.9268 1.92681 1.92734 1.92772 1.9283 1.92867 1.92901 1.92903 1.92872 1.92847 1.92783 1.928 1.92791 1.92884 1.92919 1.93046 1.93089 1.93206 1.93245 1.93261 1.93228 1.93135 1.93044 1.92955 1.9291 1.9297 1.93049 1.93324 1.93466 1.9368 1.9377 1.93807 1.93773 1.93723 1.93605 1.93493 1.93373 1.93293 1.93225 1.93193 1.93167 1.93155 1.93147 1.93152 1.93137 1.93107 1.93071 1.93019 1.93007 1.93067 1.93109 1.93156 1.93292 1.93268 1.93264 999999 999999 999999 999999 999999 999999 999999 999999
1.92721 1.92735 1.9273 1.92704 1.92687 1.92674 1.92693 1.92729 1.92793 1.92828 1.92874 1.92872 1.92862 1.92826 1.92778 1.92755 1.92753 1.92793 1.92856 1.92941 1.93027 1.93123 1.93202 1.93262 1.93285 1.9327 1.93185 1.93011 1.92933 1.92843 1.92935 1.9295 1.93254 1.93369 1.93619 1.93638 1.9368 1.937 1.9361 1.93586 1.93413 1.93375 1.93254 1.93265 1.93272 1.93239 1.93269 1.93236 1.93285 1.93258 1.93282 1.93209 1.93219 1.93114 1.93177 1.93245 1.93277 1.93329 1.9335 1.93252 1.93173 1.93113 1.92971 999999 999999 999999 999999 999999
1.927 1.927 1.927 1.9271 1.92694 1.92693 1.92715 1.92748 1.92799 1.92857 1.92862 1.92869 1.92836 1.92773 1.9274 1.92675 1.92696 1.92705 1.92785 1.92849 1.9296 1.93045 1.93206 1.93248 1.93326 1.93291 1.93244 1.93068 1.92909 1.92858 1.92794 1.92859 1.93023 1.93213 1.93312 1.93431 1.9345 1.93457 1.93474 1.9342 1.93381 1.93308 1.93297 1.93258 1.93302 1.93297 1.9334 1.93344 1.93376 1.93376 1.93389 1.93367 1.93332 1.93317 1.93335 1.93326 1.93382 1.9336 1.93341 1.93201 1.93151 1.93016 1.92894 1.92838 999999 999999 999999 999999
1.927 1.92692 1.92689 1.92682 1.92715 1.92729 1.9277 1.92801 1.92846 1.92851 1.9286 1.92827 1.9278 1.92726 1.92668 1.92644 1.9265 1.92678 1.92749 1.92826 1.92929 1.93036 1.93143 1.93216 1.93285 1.93346 1.93266 1.93157 1.92997 1.92848 1.92815 1.92749 1.92976 1.93021 1.93195 1.93188 1.9329 1.93265 1.93266 1.93281 1.93165 1.93188 1.93119 1.93181 1.93188 1.93258 1.93282 1.93327 1.93365 1.93409 1.93445 1.93435 1.93436 1.93362 1.93379 1.9338 1.93372 1.93365 1.93315 1.93221 1.93043 1.9292 1.92883 1.92823 1.9275 999999 999999 999999
1.92681 1.92678 1.92676 1.92682 1.92707 1.92744 1.92783 1.92842 1.9288 1.92932 1.92891 1.92893 1.92815 1.9274 1.92666 1.9261 1.92601 1.92602 1.92658 1.92699 1.92803 1.92874 1.93019 1.93125 1.93257 1.93304 1.93336 1.93276 1.93131 1.92935 1.9275 1.92762 1.92728 1.92858 1.9283 1.92939 1.929 1.92992 1.92979 1.92985 1.93001 1.92993 1.93016 1.9305 1.93124 1.93182 1.93244 1.93289 1.93359 1.93396 1.93466 1.93473 1.9347 1.93448 1.93409 1.93374 1.93355 1.93298 1.93217 1.93128 1.93003 1.92908 1.92863 1.92751 1.92737 1.92749 1.92828 999999
1.92684 1.92683 1.92683 1.92697 1.92728 1.92773 1.92844 1.92886 1.92944 1.92965 1.92945 1.92896 1.92824 1.92735 1.92663 1.9259 1.92575 1.9256 1.92599 1.92639 1.92722 1.92771 1.92948 1.93053 1.932 1.93304 1.93307 1.93328 1.93205 1.93019 1.92872 1.92689 1.92732 1.92722 1.92753 1.92766 1.92797 1.92829 1.92821 1.92935 1.92899 1.92941 1.92922 1.92979 1.93004 1.93089 1.93107 1.93178 1.93204 1.93317 1.93353 1.93452 1.93443 1.934 1.93393 1.9334 1.93314 1.93229 1.93179 1.93051 1.92993 1.92866 1.92803 1.92738 1.92736 1.92794 1.92839 1.92876
1.92687 1.92725 1.92726 1.92736 1.92774 1.92796 1.92863 1.92942 1.93001 1.93067 1.93038 1.93037 1.92935 1.92861 1.9273 1.92638 1.92561 1.92528 1.92527 1.92546 1.92609 1.92681 1.92817 1.92965 1.93112 1.93251 1.9332 1.93332 1.93292 1.93042 1.92948 1.92813 1.92705 1.92734 1.92639 1.92689 1.92663 1.92733 1.92776 1.92858 1.92871 1.92901 1.92903 1.92939 1.9295 1.92997 1.93005 1.93055 1.93114 1.9318 1.93295 1.93342 1.93394 1.93363 1.93321 1.93276 1.93213 1.93148 1.93057 1.92991 1.92893 1.92838 1.92755 1.92741 1.9274 1.92811 1.92868 1.9302
1.92798 1.92796 1.92796 1.92823 1.92838 1.92882 1.92938 1.93006 1.93095 1.93129 1.93127 1.93092 1.93007 1.92897 1.9277 1.92644 1.92574 1.92503 1.92499 1.92487 1.92564 1.92598 1.92793 1.92899 1.93102 1.93217 1.93274 1.93335 1.93328 1.9326 1.93083 1.92979 1.92812 1.92727 1.92705 1.92662 1.92676 1.92688 1.92783 1.92867 1.92921 1.92938 1.9295 1.92947 1.92954 1.92935 1.92916 1.92936 1.92939 1.93076 1.93127 1.93298 1.93305 1.93314 1.93291 1.9323 1.93174 1.93077 1.93027 1.9293 1.92889 1.92826 1.9279 1.92769 1.92787 1.92877 1.92954 1.93054
1.9282 1.92891 1.92893 1.92898 1.92912 1.92916 1.92992 1.93036 1.93118 1.93146 1.93157 1.93101 1.93059 1.92925 1.92833 1.92708 1.92619 1.92537 1.92487 1.92474 1.92505 1.92557 1.9268 1.92838 1.93021 1.93172 1.9328 1.93336 1.93344 1.93273 1.93183 1.93037 1.92912 1.92807 1.92738 1.92685 1.92701 1.92738 1.92824 1.92919 1.92977 1.92999 1.93008 1.93001 1.92942 1.92915 1.92838 1.9284 1.92875 1.92944 1.93088 1.93176 1.9326 1.93267 1.93226 1.93172 1.93089 1.93021 1.92947 1.92905 1.92854 1.92845 1.92817 1.92843 1.92892 1.92926 1.93059 1.93083
1.93 1.93001 1.93002 1.93011 1.93008 1.9302 1.93049 1.93097 1.93136 1.93127 1.93113 1.93067 1.92984 1.92923 1.92792 1.92721 1.92611 1.92566 1.92502 1.92462 1.92497 1.92506 1.92678 1.92754 1.92999 1.93081 1.93169 1.93193 1.93272 1.93235 1.93205 1.9306 1.92938 1.92806 1.92746 1.92702 1.92702 1.92719 1.92859 1.92948 1.92997 1.9305 1.93072 1.93026 1.9299 1.92898 1.92834 1.92792 1.928 1.92907 1.93004 1.93174 1.9323 1.93269 1.9323 1.93161 1.93095 1.92987 1.92933 1.92859 1.92852 1.92847 1.92877 1.92906 1.92933 1.92994 1.9302 1.93067
1.93022 1.93069 1.93063 1.93052 1.93024 1.93007 1.93036 1.93057 1.93076 1.93069 1.93058 1.93017 1.92976 1.92906 1.92851 1.92792 1.92706 1.92642 1.92544 1.92498 1.92469 1.92491 1.92577 1.92689 1.92855 1.92951 1.93058 1.93141 1.93211 1.93202 1.93104 1.92987 1.92867 1.92752 1.92737 1.92692 1.92719 1.92789 1.92819 1.92947 1.93029 1.9308 1.93082 1.93058 1.92958 1.92878 1.92806 1.92771 1.92827 1.92904 1.93046 1.93154 1.93222 1.93245 1.93196 1.93129 1.93038 1.9296 1.92886 1.92858 1.92851 1.92883 1.92923 1.9296 1.92995 1.92992 1.93019 1.9301
1.93197 1.93182 1.93155 1.93079 1.93023 1.93029 1.93019 1.93021 1.93011 1.93016 1.92981 1.92985 1.92936 1.92922 1.92884 1.92871 1.92768 1.92719 1.92592 1.9252 1.92493 1.92468 1.92561 1.92599 1.92754 1.92794 1.92948 1.92983 1.93068 1.93063 1.92982 1.92889 1.92773 1.92705 1.92659 1.92684 1.92703 1.92725 1.92803 1.92898 1.92987 1.93023 1.93051 1.93011 1.9293 1.92878 1.92809 1.92792 1.92838 1.92938 1.93065 1.9319 1.93259 1.93291 1.93232 1.93174 1.93082 1.93007 1.92922 1.92887 1.92875 1.92942 1.92969 1.93018 1.92986 1.92991 1.92978 1.92966
1.93222 1.93221 1.93209 1.9312 1.93089 1.93022 1.92999 1.92962 1.92944 1.92892 1.9293 1.92877 1.92922 1.92901 1.92932 1.92923 1.9287 1.92801 1.92685 1.92596 1.9251 1.92489 1.92498 1.92565 1.92613 1.9266 1.92751 1.92772 1.92743 1.92825 1.92727 1.92694 1.9264 1.92602 1.92628 1.92639 1.92698 1.9272 1.92743 1.92869 1.92873 1.92975 1.92926 1.92939 1.92863 1.92809 1.92844 1.92854 1.92953 1.9305 1.93162 1.93254 1.93278 1.93299 1.93246 1.9319 1.93104 1.93041 1.92972 1.92945 1.92975 1.93023 1.93038 1.93058 1.93007 1.93012 1.92948 1.92961
1.93452 1.93288 1.93292 1.93261 1.93118 1.93066 1.92965 1.92912 1.92874 1.9282 1.92822 1.92841 1.92854 1.9289 1.92918 1.92974 1.92903 1.92886 1.92731 1.92651 1.92561 1.925 1.9251 1.92515 1.92543 1.92557 1.926 1.92626 1.92659 1.92679 1.92614 1.92612 1.92552 1.92564 1.92584 1.92613 1.92637 1.92705 1.92731 1.92751 1.92838 1.92869 1.92867 1.92871 1.9281 1.92825 1.92848 1.92922 1.9303 1.93112 1.93239 1.93313 1.93365 1.9338 1.93322 1.93292 1.93214 1.93186 1.93105 1.93117 1.9307 1.93168 1.93117 1.93147 1.9306 1.93076 1.93026 1.93046
1.9379 1.93551 1.93538 1.93408 1.93346 1.93178 1.93123 1.93075 1.92911 1.92854 1.92763 1.92739 1.92768 1.92805 1.92893 1.92961 1.92979 1.92942 1.92838 1.92732 1.92616 1.9255 1.92507 1.92527 1.92521 1.92539 1.92531 1.92571 1.92521 1.92578 1.92521 1.92538 1.92531 1.92553 1.92549 1.92604 1.92624 1.92671 1.92708 1.92739 1.92779 1.92831 1.92793 1.92796 1.92808 1.92809 1.9295 1.93004 1.93164 1.93266 1.93332 1.93395 1.93409 1.93427 1.9339 1.93366 1.93324 1.93296 1.93265 1.93245 1.93262 1.93261 1.93247 1.93226 1.93179 1.93154 1.93135 1.93102
1.94094 1.93719 1.93732 1.93684 1.9349 1.93375 1.93215 1.93132 1.93006 1.92846 1.92784 1.92707 1.92743 1.92794 1.92889 1.92996 1.92985 1.93018 1.92874 1.92807 1.92661 1.92594 1.92553 1.92548 1.92531 1.92559 1.92532 1.92571 1.92539 1.9259 1.92538 1.92583 1.92596 1.92658 1.92639 1.92654 1.92623 1.9266 1.92686 1.92726 1.92739 1.92788 1.92788 1.92789 1.92807 1.92865 1.92989 1.93082 1.93205 1.93298 1.93389 1.93438 1.93478 1.93491 1.93473 1.93451 1.9342 1.934 1.93376 1.93361 1.93344 1.93373 1.9334 1.93319 1.9329 1.93268 1.93216 1.9318
1.94267 1.94242 1.94028 1.93955 1.93899 1.93644 1.93616 1.93549 1.93255 1.93144 1.92894 1.92814 1.92732 1.92833 1.92898 1.93046 1.93058 1.93087 1.92982 1.92884 1.92752 1.92679 1.92603 1.92611 1.92585 1.9263 1.926 1.92665 1.9263 1.92705 1.9271 1.92711 1.92775 1.9272 1.92732 1.92685 1.92699 1.92665 1.92692 1.92725 1.9274 1.92774 1.92785 1.92791 1.92876 1.92916 1.9306 1.93132 1.93266 1.93331 1.9343 1.93471 1.93515 1.93532 1.93522 1.93508 1.9349 1.93436 1.9345 1.93422 1.93424 1.93416 1.93403 1.9338 1.93353 1.93287 1.9327 1.93179
1.9441 1.94333 1.94435 1.94266 1.94169 1.94028 1.93838 1.93746 1.9354 1.93356 1.93079 1.92923 1.92892 1.92906 1.93019 1.93128 1.93147 1.93169 1.93042 1.92976 1.92826 1.92749 1.92696 1.92676 1.92684 1.92714 1.92725 1.9279 1.92785 1.92845 1.92821 1.9287 1.92942 1.93004 1.92909 1.92918 1.92778 1.92735 1.9273 1.9274 1.92767 1.9279 1.92826 1.92842 1.92902 1.92985 1.93081 1.93158 1.93241 1.93313 1.9337 1.93443 1.93482 1.93469 1.93503 1.93469 1.9349 1.93411 1.93407 1.93369 1.93413 1.93408 1.93431 1.93387 1.93357 1.9327 1.93214 1.93083
1.94563 1.94569 1.94612 1.94479 1.94548 1.94351 1.9434 1.94282 1.939 1.93747 1.93337 1.93198 1.9301 1.93061 1.93111 1.93251 1.93261 1.93299 1.93167 1.93077 1.92941 1.92851 1.92766 1.92764 1.92754 1.92808 1.92822 1.9293 1.92938 1.93039 1.93102 1.93078 1.93125 1.93089 1.93126 1.9297 1.92958 1.92767 1.92801 1.92771 1.92812 1.9283 1.92878 1.92897 1.92994 1.9305 1.93138 1.93204 1.93228 1.93283 1.93333 1.9338 1.93425 1.93428 1.93423 1.93419 1.93379 1.93373 1.93339 1.93344 1.93351 1.9339 1.93393 1.93354 1.93287 1.93196 1.93088 1.93036
1.94564 1.94579 1.94634 1.94722 1.9473 1.94697 1.94638 1.94539 1.9435 1.9402 1.9376 1.93454 1.93312 1.93254 1.93275 1.93361 1.93387 1.93375 1.93312 1.932 1.93088 1.92965 1.9289 1.92841 1.92844 1.92865 1.92945 1.93001 1.93091 1.93129 1.93199 1.93202 1.93236 1.93221 1.93169 1.93109 1.92974 1.92908 1.92814 1.92806 1.92822 1.92844 1.92892 1.9292 1.92998 1.93061 1.9313 1.93185 1.93214 1.9326 1.93271 1.93338 1.93364 1.93402 1.93393 1.9339 1.93358 1.93352 1.93316 1.93328 1.93338 1.93382 1.93384 1.9333 1.93271 1.93166 1.93073 1.93017
1.94618 1.94638 1.94686 1.94736 1.9485 1.94813 1.94789 1.94614 1.94402 1.94114 1.93812 1.93546 1.93368 1.93314 1.93318 1.93386 1.93412 1.93399 1.93328 1.93232 1.931 1.92996 1.92905 1.92862 1.92857 1.92875 1.92962 1.9301 1.93108 1.93141 1.93221 1.93225 1.93257 1.93246 1.9318 1.93117 1.92982 1.92924 1.92823 1.92816 1.92826 1.92845 1.92896 1.9292 1.93006 1.9306 1.93126 1.9318 1.93214 1.93259 1.9327 1.93323 1.93334 1.93369 1.93396 1.93341 1.93362 1.93317 1.93337 1.93325 1.9334 1.93328 1.93375 1.93292 1.93286 1.9318 1.93126 1.93049
1.94636 1.94653 1.94687 1.94723 1.94845 1.94815 1.94787 1.94643 1.94404 1.94164 1.93826 1.93694 1.93391 1.9342 1.93318 1.93402 1.93404 1.93395 1.93328 1.93237 1.93103 1.93035 1.92912 1.92914 1.92859 1.92949 1.92964 1.93069 1.93102 1.93205 1.9322 1.93292 1.93253 1.93242 1.93172 1.93116 1.92983 1.92937 1.92826 1.92853 1.92826 1.92878 1.92893 1.92983 1.93006 1.93083 1.93119 1.93176 1.93212 1.93246 1.9327 1.93282 1.9331 1.93337 1.93355 1.93336 1.9332 1.93318 1.93311 1.93331 1.93329 1.93322 1.93331 1.93284 1.93271 1.93181 1.93129 1.93057
1.94654 1.94667 1.94688 1.9477 1.94794 1.94825 1.94779 1.94625 1.94486 1.94174 1.93985 1.9371 1.93589 1.93435 1.93461 1.93398 1.93431 1.93388 1.9335 1.93236 1.93167 1.9304 1.92985 1.9292 1.92917 1.92954 1.9298 1.93068 1.93103 1.93202 1.93223 1.9329 1.93289 1.93235 1.9322 1.93114 1.93071 1.92943 1.92924 1.92856 1.9286 1.92878 1.92894 1.92984 1.93008 1.93081 1.93121 1.93172 1.932 1.93247 1.93278 1.93282 1.93308 1.93338 1.93353 1.93334 1.93319 1.9332 1.93313 1.93335 1.93309 1.93319 1.93241 1.9328 1.93181 1.93184 1.93097 1.93063
1.94666 1.94675 1.94744 1.94767 1.94781 1.94815 1.94772 1.94615 1.94496 1.9417 1.94008 1.93717 1.93613 1.9344 1.9347 1.93393 1.93427 1.93383 1.93303 1.93235 1.93167 1.93042 1.93037 1.92923 1.93008 1.92956 1.9306 1.93067 1.93177 1.932 1.93282 1.93288 1.93285 1.93229 1.93188 1.93112 1.93073 1.92946 1.92967 1.92858 1.92906 1.92877 1.92968 1.92985 1.93063 1.9308 1.93143 1.9317 1.93212 1.93248 1.93259 1.93283 1.93285 1.93339 1.93275 1.93333 1.93288 1.93321 1.93305 1.93338 1.9331 1.93317 1.93234 1.93278 1.93179 1.93186 1.93101 1.93067
1.94673 1.9468 1.9475 1.94765 1.94759 1.94809 1.94671 1.94609 1.94394 1.94167 1.94046 1.93719 1.93743 1.93441 1.93523 1.9339 1.93393 1.9338 1.93299 1.93234 1.93168 1.93043 1.93042 1.92924 1.93013 1.92957 1.93062 1.93065 1.93176 1.93197 1.9328 1.93286 1.9328 1.93225 1.93183 1.9311 1.93075 1.93058 1.92972 1.92859 1.92908 1.92877 1.92969 1.9298 1.93063 1.93073 1.93141 1.93148 1.93211 1.93215 1.9326 1.93261 1.93286 1.93289 1.93273 1.93272 1.93288 1.93287 1.93306 1.93308 1.93311 1.93312 1.9323 1.93225 1.93178 1.93166 1.93104 1.93094
