data/density/023_density.grd
DSAA
91 71
1000000 1090000
7230000 7300000
1.92619 2.0037
[rows 30 to 59 of 71, columns 0 to 67 of 91]
1.94309 1.94307 1.94301 1.9429 1.94278 1.9422 1.94226 1.94327 1.9438 1.94435 1.94414 1.94378 1.9428 1.94197 1.94019 1.93954 1.93844 1.93847 1.93846 1.939 1.93983 1.94059 1.9419 1.9425 1.94367 1.94386 1.94465 1.94442 1.9454 1.94557 1.94719 1.94824 1.95016 1.95146 1.9528 1.95358 1.95301 1.95297 1.9509 1.95009 1.94899 1.94852 1.94837 1.94876 1.94974 1.94983 1.95052 1.95009 1.94743 1.94612 1.94408 999999 999999 999999 999999 999999 999999 999999 999999 999999 999999 999999 999999 999999 999999 999999 999999 999999
1.94317 1.94318 1.9431 1.94293 1.94273 1.94212 1.94218 1.94327 1.94383 1.94444 1.94426 1.94383 1.94286 1.9419 1.94023 1.93947 1.93844 1.93842 1.9384 1.93896 1.93974 1.94061 1.94185 1.94257 1.94367 1.94393 1.94465 1.94444 1.94529 1.94554 1.94624 1.94815 1.94997 1.952 1.95368 1.9544 1.95518 1.95368 1.95327 1.95073 1.94973 1.94909 1.94904 1.95022 1.95048 1.95195 1.9515 1.95089 1.94988 1.94659 1.94403 1.94314 1.93963 999999 999999 999999 999999 999999 999999 999999 999999 999999 999999 999999 999999 999999 999999 999999
1.94311 1.94332 1.94324 1.94294 1.94144 1.94073 1.94115 1.94232 1.94375 1.94437 1.94459 1.94386 1.9428 1.9411 1.93992 1.93863 1.93816 1.93767 1.93814 1.93852 1.93961 1.94082 1.94194 1.94325 1.94386 1.94458 1.94445 1.94471 1.94451 1.94529 1.94622 1.94804 1.95002 1.95199 1.95377 1.9545 1.95524 1.95393 1.9533 1.95091 1.94967 1.94898 1.94901 1.95031 1.95077 1.95203 1.9516 1.95107 1.94995 1.94707 1.94411 1.94047 1.93919 1.9376 1.93742 999999 999999 999999 999999 999999 999999 999999 999999 999999 999999 999999 999999 999999
1.94317 1.94333 1.94339 1.94286 1.9412 1.94053 1.94101 1.94209 1.9437 1.94439 1.94465 1.94391 1.94268 1.94108 1.93974 1.93857 1.93801 1.93757 1.93806 1.93844 1.93967 1.94079 1.94211 1.94329 1.94402 1.94465 1.94451 1.94466 1.94444 1.94505 1.94614 1.94775 1.9501 1.9519 1.95402 1.95475 1.95565 1.95468 1.95397 1.95201 1.95055 1.94994 1.94994 1.95108 1.95157 1.95256 1.95199 1.95154 1.95018 1.94784 1.94434 1.94086 1.93909 1.93717 1.93744 1.93974 1.94101 999999 999999 999999 999999 999999 999999 999999 999999 999999 999999 999999
1.9431 1.94324 1.94311 1.94259 1.94056 1.9399 1.94044 1.94142 1.9426 1.94378 1.94395 1.94349 1.94185 1.94055 1.93908 1.93814 1.9374 1.93745 1.93757 1.93865 1.93971 1.94113 1.94253 1.94358 1.94448 1.94468 1.94476 1.94444 1.94441 1.94267 1.94585 1.94655 1.9498 1.95152 1.95451 1.95528 1.95635 1.95688 1.95558 1.95522 1.95299 1.9526 1.95286 1.95331 1.95438 1.95403 1.95343 1.9529 1.95227 1.95018 1.94797 1.94356 1.93989 1.93858 1.9391 1.94051 1.94137 1.94194 1.94396 999999 999999 999999 999999 999999 999999 999999 999999 999999
1.9429 1.94291 1.94268 1.94167 1.93931 1.93816 1.93808 1.93945 1.94028 1.9417 1.94267 1.94185 1.94142 1.93931 1.93829 1.9364 1.93632 1.93538 1.93673 1.93719 1.93984 1.94069 1.94326 1.944 1.94478 1.94508 1.94462 1.94425 1.94201 1.94137 1.9422 1.9438 1.94866 1.95064 1.95362 1.9555 1.95709 1.95791 1.95859 1.95826 1.95788 1.9573 1.95717 1.95689 1.95664 1.95614 1.95514 1.95409 1.95265 1.95066 1.9484 1.94516 1.94246 1.94067 1.94094 1.94133 1.94223 1.94459 1.94418 1.9441 999999 999999 999999 999999 999999 999999 999999 999999
1.94152 1.942 1.94157 1.93985 1.93814 1.93724 1.93687 1.9377 1.93905 1.93993 1.94043 1.94041 1.93921 1.9381 1.93639 1.9353 1.93465 1.93482 1.93573 1.93718 1.93897 1.94102 1.94272 1.94387 1.94448 1.94533 1.9449 1.94252 1.94144 1.93913 1.94107 1.94133 1.94654 1.94926 1.95285 1.95325 1.95543 1.95638 1.95714 1.95749 1.95677 1.95589 1.95555 1.95667 1.95671 1.95657 1.95601 1.95467 1.95376 1.95197 1.95066 1.94784 1.94672 1.94286 1.9433 1.94482 1.94483 1.94503 1.94515 1.94389 1.94277 1.94206 1.93933 999999 999999 999999 999999 999999
1.93968 1.93975 1.93973 1.94003 1.93834 1.93767 1.93709 1.93778 1.9386 1.94001 1.93977 1.93986 1.93894 1.9374 1.93609 1.93417 1.93363 1.93298 1.93397 1.93467 1.9369 1.93852 1.94194 1.94276 1.9444 1.94485 1.94533 1.94279 1.94014 1.93868 1.93719 1.93872 1.94256 1.94639 1.94882 1.95056 1.95179 1.95295 1.95447 1.95491 1.9545 1.95408 1.95429 1.95437 1.95609 1.95572 1.95564 1.95454 1.95339 1.952 1.95069 1.94922 1.94784 1.94682 1.94625 1.94575 1.94588 1.94535 1.94501 1.9431 1.94249 1.94088 1.9384 1.93715 999999 999999 999999 999999
1.93948 1.93923 1.93903 1.93815 1.93904 1.93846 1.939 1.93921 1.94009 1.93971 1.94007 1.93904 1.93802 1.93657 1.93481 1.93346 1.9326 1.93215 1.93283 1.93378 1.93573 1.93774 1.94001 1.94151 1.94274 1.94469 1.94455 1.94388 1.94085 1.93811 1.93733 1.93635 1.94195 1.94318 1.94653 1.94618 1.94958 1.9487 1.95047 1.95166 1.94956 1.95036 1.94926 1.95138 1.95162 1.95454 1.95386 1.9538 1.95267 1.9519 1.95082 1.94958 1.94856 1.94707 1.94662 1.94602 1.94573 1.94524 1.94455 1.9433 1.94118 1.93908 1.93825 1.93681 1.93516 999999 999999 999999
1.93848 1.93833 1.9382 1.93854 1.93923 1.93934 1.94032 1.94055 1.94129 1.94166 1.94073 1.94014 1.93876 1.93709 1.93534 1.93345 1.93227 1.93095 1.93105 1.93109 1.93291 1.9342 1.93714 1.93927 1.94181 1.9434 1.94482 1.94509 1.94325 1.93904 1.93588 1.93747 1.93682 1.93968 1.9395 1.94147 1.94096 1.94269 1.94411 1.94463 1.9455 1.94535 1.94577 1.9466 1.94924 1.95071 1.95207 1.95175 1.95132 1.95045 1.95008 1.94912 1.94829 1.94741 1.94643 1.94576 1.94523 1.94442 1.94331 1.94218 1.94069 1.93891 1.93785 1.9352 1.93468 1.93462 1.9354 999999
1.93873 1.93861 1.93857 1.93895 1.93952 1.94067 1.94143 1.94192 1.94208 1.94206 1.94103 1.94006 1.93864 1.93693 1.935 1.93299 1.93144 1.93006 1.92977 1.92979 1.93111 1.93193 1.93548 1.93759 1.94063 1.94275 1.94407 1.94495 1.94338 1.94171 1.93892 1.93677 1.93817 1.93815 1.9377 1.93864 1.938 1.93911 1.93913 1.94309 1.94225 1.94423 1.94305 1.9447 1.94597 1.94786 1.94781 1.94846 1.94735 1.94902 1.94821 1.94867 1.94778 1.94656 1.94619 1.94517 1.94474 1.94356 1.94288 1.94122 1.9405 1.93899 1.93708 1.93506 1.9342 1.93484 1.93568 1.93621
1.9388 1.93901 1.93914 1.93944 1.94019 1.94037 1.94101 1.94205 1.94236 1.94228 1.9418 1.94093 1.93962 1.93788 1.93599 1.93325 1.93122 1.92898 1.92832 1.92769 1.92885 1.93014 1.93285 1.9358 1.93878 1.94162 1.9435 1.94471 1.94551 1.94244 1.94239 1.94063 1.93933 1.94048 1.93754 1.93866 1.93645 1.93814 1.93829 1.94129 1.9419 1.94323 1.94365 1.94476 1.94375 1.9449 1.94328 1.94355 1.94422 1.94435 1.94678 1.94658 1.94684 1.94597 1.9451 1.94435 1.94343 1.94256 1.94138 1.94049 1.93928 1.93819 1.93593 1.935 1.93436 1.93521 1.93621 1.93862
1.93998 1.94001 1.94012 1.9406 1.94067 1.94093 1.94117 1.94171 1.9424 1.94238 1.94178 1.94094 1.9394 1.93755 1.93513 1.93263 1.93011 1.92815 1.92701 1.9265 1.9278 1.92855 1.93235 1.9349 1.93854 1.94158 1.94331 1.9457 1.9463 1.94847 1.94576 1.94532 1.94288 1.94197 1.94113 1.93994 1.9404 1.93868 1.94032 1.94196 1.94479 1.94537 1.94646 1.94597 1.94537 1.94328 1.94117 1.93978 1.9387 1.94249 1.94303 1.94589 1.94549 1.94519 1.94473 1.94365 1.94294 1.94163 1.94099 1.93964 1.93914 1.93826 1.93714 1.93547 1.93539 1.93691 1.93778 1.93898
1.94032 1.94152 1.94153 1.94156 1.94125 1.94096 1.94129 1.94154 1.94207 1.94147 1.94128 1.93954 1.93911 1.93665 1.93525 1.93246 1.93055 1.92803 1.92691 1.92624 1.92668 1.92784 1.93025 1.93414 1.93772 1.94186 1.9442 1.94596 1.94768 1.94875 1.94885 1.94673 1.94717 1.94515 1.94491 1.94256 1.94312 1.94138 1.94381 1.94484 1.9472 1.94791 1.94907 1.94855 1.94563 1.94284 1.93813 1.93668 1.937 1.93874 1.94224 1.94408 1.94468 1.9445 1.94368 1.94287 1.94176 1.94087 1.93985 1.93924 1.93851 1.93826 1.93722 1.93707 1.93729 1.93753 1.93923 1.9392
1.9429 1.94287 1.9428 1.94214 1.94195 1.94169 1.94144 1.94152 1.9411 1.94027 1.93929 1.93813 1.93665 1.9356 1.93328 1.93197 1.92939 1.92881 1.92693 1.92619 1.92685 1.9271 1.93105 1.93374 1.93892 1.94177 1.94451 1.94476 1.94726 1.9464 1.94883 1.94733 1.94704 1.94564 1.94471 1.94417 1.94336 1.9434 1.94508 1.94663 1.9479 1.94982 1.95124 1.95029 1.9484 1.94331 1.93976 1.93645 1.93659 1.93865 1.94135 1.94401 1.94436 1.94429 1.94363 1.94254 1.9417 1.9403 1.93963 1.93843 1.93824 1.93793 1.93824 1.93742 1.93751 1.93832 1.93868 1.93872
1.94319 1.9435 1.94339 1.94309 1.94209 1.94107 1.94072 1.94067 1.94004 1.93898 1.93824 1.93699 1.93608 1.935 1.93394 1.93276 1.93128 1.93037 1.92843 1.92756 1.92651 1.92712 1.92944 1.9335 1.93793 1.94155 1.94339 1.94421 1.94514 1.94525 1.94523 1.94472 1.94435 1.94355 1.94426 1.94368 1.94442 1.9451 1.94547 1.94701 1.94937 1.95122 1.95155 1.95112 1.94722 1.94344 1.93965 1.9376 1.9386 1.93983 1.94186 1.94378 1.94398 1.94387 1.94299 1.94202 1.94085 1.93977 1.93874 1.9382 1.93788 1.93787 1.93797 1.9377 1.93812 1.9379 1.93802 1.93791
1.94766 1.94708 1.94612 1.94327 1.9414 1.94077 1.93987 1.93923 1.93831 1.93794 1.93673 1.93636 1.93536 1.93501 1.93432 1.93473 1.9328 1.93283 1.92987 1.92883 1.92766 1.92685 1.93075 1.93277 1.93798 1.93972 1.94211 1.9415 1.94254 1.94174 1.94222 1.94203 1.94197 1.94224 1.94203 1.94319 1.94364 1.94425 1.9459 1.94784 1.94965 1.95065 1.95142 1.94958 1.94659 1.94359 1.94054 1.93855 1.93935 1.9407 1.9431 1.94414 1.94446 1.94422 1.94335 1.94239 1.94126 1.9402 1.93903 1.93826 1.93795 1.93838 1.93829 1.93768 1.93705 1.93689 1.93739 1.93713
1.9485 1.94836 1.94781 1.94557 1.94433 1.94129 1.94029 1.93836 1.93756 1.9356 1.9357 1.9343 1.93517 1.93525 1.93593 1.9368 1.93585 1.93601 1.93307 1.93184 1.92912 1.92825 1.92899 1.93229 1.9353 1.93748 1.93856 1.93727 1.93565 1.9367 1.93649 1.93768 1.93875 1.93971 1.94092 1.94182 1.94314 1.9439 1.94471 1.94745 1.94811 1.95034 1.94828 1.94798 1.94348 1.94099 1.94116 1.94039 1.94205 1.94333 1.94392 1.94466 1.94443 1.94421 1.9433 1.94245 1.94129 1.94037 1.93929 1.9387 1.93871 1.93904 1.93808 1.93766 1.93663 1.93669 1.93634 1.93687
1.95616 1.95163 1.95183 1.95091 1.94616 1.94444 1.93991 1.93807 1.93655 1.93428 1.93357 1.9339 1.93426 1.93575 1.9371 1.93955 1.93875 1.9395 1.93606 1.93485 1.93114 1.92892 1.93056 1.93136 1.93374 1.93527 1.93451 1.93435 1.93361 1.93392 1.93446 1.93628 1.937 1.93895 1.93994 1.93958 1.94001 1.94212 1.94296 1.94413 1.94764 1.9488 1.94752 1.94618 1.94314 1.9414 1.94073 1.94158 1.94336 1.94416 1.94522 1.9453 1.94538 1.94512 1.94422 1.94361 1.94251 1.94194 1.94078 1.94046 1.93972 1.94052 1.93905 1.93841 1.93705 1.93736 1.93702 1.93754
1.96904 1.96041 1.96023 1.95753 1.95634 1.94996 1.94793 1.94714 1.94025 1.93738 1.93253 1.93141 1.93254 1.93443 1.93757 1.94111 1.94214 1.94331 1.94048 1.93904 1.93461 1.93208 1.92967 1.93166 1.93274 1.93445 1.9338 1.93311 1.93171 1.93253 1.93359 1.93548 1.93705 1.93896 1.93735 1.93834 1.93731 1.93831 1.94176 1.9433 1.94697 1.94826 1.94622 1.94538 1.94277 1.9414 1.94309 1.94403 1.94504 1.94614 1.94601 1.94609 1.94578 1.94565 1.94495 1.94439 1.94364 1.94302 1.94234 1.94188 1.94166 1.9414 1.94027 1.93953 1.93857 1.93822 1.93853 1.93776
1.97859 1.96714 1.96791 1.96729 1.96272 1.95888 1.95361 1.95035 1.94547 1.9383 1.9352 1.93112 1.93291 1.93515 1.9392 1.94415 1.94471 1.94711 1.94404 1.94315 1.9373 1.93475 1.93263 1.93263 1.93336 1.93515 1.9335 1.93411 1.93246 1.93374 1.93442 1.93738 1.9397 1.94268 1.94 1.9381 1.93613 1.93602 1.93752 1.94195 1.94367 1.94799 1.94773 1.94597 1.94518 1.9435 1.94538 1.94551 1.94689 1.94682 1.94718 1.9468 1.94691 1.94673 1.94613 1.94565 1.94491 1.94435 1.94369 1.94316 1.94264 1.94258 1.94188 1.94069 1.9401 1.94011 1.93938 1.93834
1.98587 1.98486 1.97778 1.97578 1.97558 1.96793 1.96772 1.96628 1.95632 1.95149 1.94064 1.93641 1.93261 1.9368 1.93999 1.94713 1.94865 1.9517 1.94868 1.94756 1.94232 1.93939 1.93548 1.93677 1.93583 1.93827 1.93629 1.93731 1.93544 1.93766 1.94009 1.94163 1.9445 1.94452 1.94291 1.93895 1.93699 1.93546 1.93659 1.93987 1.94364 1.94669 1.94803 1.94728 1.94746 1.9465 1.94694 1.94718 1.94752 1.94741 1.94778 1.94762 1.94747 1.94736 1.94693 1.94636 1.94578 1.94487 1.94452 1.94387 1.94344 1.94303 1.9424 1.94186 1.9412 1.93972 1.93944 1.93757
1.99067 1.98799 1.99071 1.98519 1.98299 1.97887 1.97586 1.97356 1.96605 1.96118 1.94783 1.94083 1.94001 1.93977 1.94579 1.9511 1.95375 1.95613 1.95318 1.95198 1.9464 1.94363 1.94089 1.94049 1.9409 1.94191 1.94063 1.94189 1.94067 1.94247 1.94352 1.94599 1.94966 1.95208 1.94801 1.94694 1.94099 1.9398 1.9401 1.94001 1.94355 1.94729 1.94914 1.94943 1.9492 1.94738 1.94757 1.94656 1.94663 1.94775 1.94795 1.94781 1.94792 1.94739 1.94719 1.94648 1.94615 1.94482 1.94429 1.94342 1.94347 1.94296 1.94283 1.94193 1.94133 1.93912 1.93778 1.93508
1.99677 1.99657 1.99651 1.99213 1.99365 1.98843 1.98854 1.98891 1.97916 1.97657 1.95997 1.95306 1.94392 1.94503 1.94881 1.95556 1.95805 1.96152 1.95828 1.95711 1.95233 1.94862 1.94476 1.94588 1.94483 1.94697 1.9454 1.94778 1.94637 1.94963 1.95189 1.95242 1.95412 1.95413 1.95583 1.94947 1.95122 1.9427 1.94518 1.94372 1.94529 1.94826 1.9502 1.95119 1.94983 1.94887 1.94646 1.94563 1.94616 1.94643 1.94798 1.948 1.94764 1.94725 1.94675 1.9461 1.94516 1.94449 1.9436 1.94314 1.94276 1.94274 1.94234 1.94106 1.93961 1.93742 1.93506 1.93378
1.99719 1.99753 1.99866 1.99958 1.99949 1.99772 1.99674 1.99619 1.99313 1.9848 1.97616 1.96318 1.95672 1.95314 1.95396 1.95933 1.96267 1.96435 1.96414 1.96145 1.95833 1.95405 1.95164 1.94974 1.9499 1.94995 1.95173 1.95177 1.95337 1.95367 1.95507 1.9558 1.95679 1.95729 1.95692 1.95654 1.95236 1.95015 1.94698 1.94605 1.94667 1.9491 1.95041 1.95181 1.95096 1.94962 1.94704 1.94584 1.94521 1.94593 1.94675 1.94778 1.94751 1.94705 1.94658 1.94581 1.94503 1.94425 1.94342 1.94294 1.94265 1.94262 1.94229 1.94059 1.93933 1.93675 1.93466 1.93332
1.9992 1.99976 2.00099 2.00105 2.00336 2.00164 2.00147 1.99831 1.99484 1.98773 1.97801 1.96661 1.95884 1.95568 1.95562 1.95993 1.96357 1.96495 1.96491 1.96258 1.95896 1.95529 1.9524 1.95078 1.95055 1.9506 1.95257 1.95262 1.95425 1.95452 1.9559 1.95656 1.95737 1.95787 1.95722 1.95675 1.95273 1.95093 1.9476 1.9469 1.94722 1.94938 1.9503 1.9517 1.95086 1.94984 1.94711 1.94608 1.9454 1.94582 1.94651 1.94699 1.94753 1.94738 1.94682 1.94573 1.94532 1.9443 1.94389 1.94324 1.9429 1.94233 1.94242 1.94023 1.93953 1.93697 1.93575 1.93428
1.99967 2.00012 2.00098 2.00085 2.00336 2.00196 2.00166 1.99908 1.99482 1.98889 1.97793 1.97218 1.96017 1.96071 1.95562 1.96099 1.96327 1.96547 1.96482 1.9626 1.95894 1.95734 1.95277 1.95299 1.95051 1.95307 1.95258 1.9551 1.95413 1.9568 1.95583 1.95836 1.95724 1.95835 1.95706 1.95673 1.9526 1.95118 1.94755 1.94932 1.94722 1.94983 1.95005 1.95061 1.95077 1.94884 1.94721 1.94658 1.94556 1.94568 1.94642 1.94642 1.94656 1.94701 1.94687 1.94567 1.9452 1.94431 1.9439 1.94331 1.94303 1.94228 1.94212 1.94005 1.9395 1.93699 1.93603 1.93452
2.0001 2.00044 2.00096 2.00235 2.00238 2.0037 2.00257 1.99963 1.99737 1.98745 1.98125 1.97261 1.96675 1.96157 1.96268 1.96092 1.96376 1.9652 1.96459 1.96241 1.96062 1.95751 1.95546 1.95323 1.95309 1.9531 1.95331 1.95508 1.95528 1.95677 1.95728 1.95836 1.95893 1.95824 1.95827 1.95667 1.95559 1.95119 1.95059 1.94944 1.95006 1.94984 1.95149 1.95042 1.95027 1.94882 1.94793 1.94677 1.9465 1.94571 1.9461 1.94633 1.94643 1.94703 1.94692 1.94565 1.94524 1.94433 1.94398 1.94337 1.94263 1.94225 1.94009 1.93996 1.93756 1.93703 1.9354 1.93469
2.00038 2.00062 2.0017 2.0022 2.00206 2.00354 2.0025 1.99944 1.99753 1.98706 1.98166 1.97278 1.96764 1.96194 1.9632 1.9608 1.96346 1.96502 1.96324 1.96226 1.96097 1.95758 1.95762 1.95332 1.9557 1.95308 1.95575 1.95502 1.95793 1.95669 1.95954 1.95831 1.95964 1.95814 1.9581 1.95661 1.95555 1.95113 1.95369 1.94946 1.9521 1.94982 1.95052 1.95031 1.94869 1.94881 1.94815 1.94688 1.94669 1.94574 1.94566 1.94628 1.94592 1.94704 1.94584 1.94564 1.94461 1.94435 1.94363 1.9434 1.94264 1.94224 1.93997 1.93991 1.93751 1.93707 1.93552 1.9348
2.00054 2.00072 2.00176 2.00211 2.00291 2.00342 2.00186 1.99929 1.99252 1.98681 1.98194 1.97282 1.97341 1.96208 1.96709 1.96069 1.96338 1.96491 1.963 1.96216 1.96097 1.9576 1.95777 1.95335 1.95584 1.95305 1.95574 1.95496 1.95791 1.95661 1.95951 1.95826 1.95958 1.95806 1.95802 1.95656 1.95553 1.95516 1.95379 1.94944 1.95216 1.94979 1.95046 1.95039 1.94858 1.94836 1.94822 1.94801 1.94678 1.94673 1.94565 1.94572 1.94587 1.94591 1.94582 1.94569 1.94462 1.9445 1.94365 1.94357 1.94265 1.94258 1.93989 1.93968 1.93748 1.93716 1.93559 1.93537
