data/density/065.00_density.grd
DSAA
91 71
1000000 1090000
7230000 7300000
1.92661 2.03744
[rows 30 to 59 of 71, columns 0 to 67 of 91]
1.95517 1.95514 1.95502 1.95483 1.95446 1.95347 1.95321 1.95477 1.95517 1.95571 1.95457 1.95353 1.95146 1.95002 1.94661 1.94564 1.94346 1.94328 1.94272 1.94314 1.94336 1.94414 1.94533 1.94592 1.94769 1.94817 1.94996 1.95047 1.95233 1.95276 1.95472 1.95538 1.95767 1.95838 1.9606 1.96172 1.96197 1.96282 1.96169 1.9616 1.96214 1.96263 1.96405 1.96534 1.96791 1.96842 1.96995 1.96915 1.96418 1.9618 1.95754 999999 999999 999999 999999 999999 999999 999999 999999 999999 999999 999999 999999 999999 999999 999999 999999 999999
1.95532 1.95532 1.95519 1.95488 1.95439 1.95331 1.95309 1.95476 1.95524 1.95585 1.95483 1.95362 1.95155 1.94983 1.94664 1.94551 1.9435 1.94324 1.94268 1.94307 1.94328 1.94413 1.94525 1.94597 1.94761 1.94823 1.94989 1.95054 1.95225 1.95282 1.95387 1.95558 1.95644 1.95859 1.95987 1.96182 1.96361 1.96324 1.96414 1.962 1.96219 1.96286 1.96423 1.96762 1.96881 1.97177 1.97118 1.96995 1.9681 1.9619 1.95749 1.95581 1.94907 999999 999999 999999 999999 999999 999999 999999 999999 999999 999999 999999 999999 999999 999999 999999
1.95524 1.95558 1.95544 1.9549 1.95243 1.95089 1.95149 1.95324 1.95526 1.95574 1.95546 1.95354 1.95131 1.94798 1.94614 1.94396 1.94318 1.94221 1.94243 1.94221 1.94326 1.94408 1.94523 1.94663 1.94742 1.9489 1.94962 1.95104 1.9517 1.95313 1.9539 1.95549 1.95648 1.95845 1.9599 1.96178 1.96368 1.96354 1.96425 1.96217 1.96205 1.96253 1.96417 1.9677 1.96933 1.97191 1.97132 1.97016 1.9681 1.96272 1.95759 1.95069 1.94827 1.94512 1.94364 999999 999999 999999 999999 999999 999999 999999 999999 999999 999999 999999 999999 999999
1.95534 1.95564 1.95571 1.95476 1.95201 1.9506 1.95127 1.95287 1.95514 1.95583 1.95557 1.95364 1.95102 1.94791 1.94579 1.94388 1.94298 1.94208 1.94226 1.9421 1.94327 1.94408 1.94541 1.94666 1.9476 1.94888 1.94974 1.95097 1.95176 1.95295 1.95388 1.95523 1.95642 1.95805 1.95978 1.96145 1.96372 1.96383 1.96474 1.96311 1.96306 1.96347 1.96541 1.96845 1.97029 1.97234 1.97159 1.9706 1.9681 1.96373 1.95768 1.95115 1.94786 1.94328 1.94349 1.94593 1.94648 999999 999999 999999 999999 999999 999999 999999 999999 999999 999999 999999
1.95522 1.95546 1.95522 1.9543 1.95094 1.94961 1.95038 1.95185 1.95335 1.95472 1.95437 1.95291 1.94937 1.94698 1.94455 1.94307 1.94199 1.94171 1.94131 1.94229 1.94306 1.94455 1.94586 1.94705 1.94823 1.94905 1.95017 1.95077 1.95186 1.94993 1.9537 1.95424 1.95596 1.95674 1.95931 1.9603 1.96345 1.96484 1.96561 1.96596 1.96536 1.96586 1.96891 1.97019 1.97337 1.97312 1.97226 1.97117 1.96933 1.96611 1.96192 1.95482 1.9478 1.94487 1.94496 1.94604 1.94699 1.94744 1.9495 999999 999999 999999 999999 999999 999999 999999 999999 999999
1.95484 1.95485 1.95443 1.95265 1.94866 1.94664 1.94648 1.94824 1.94917 1.95086 1.95205 1.94971 1.94875 1.9451 1.94353 1.94098 1.94049 1.93875 1.93958 1.93979 1.9426 1.94343 1.94625 1.94695 1.94816 1.94936 1.95028 1.95136 1.94866 1.94829 1.94878 1.95043 1.95471 1.95589 1.95762 1.95962 1.96208 1.96443 1.96683 1.96856 1.97007 1.97136 1.97277 1.97369 1.97405 1.97378 1.97231 1.97059 1.96789 1.96441 1.96072 1.9551 1.95086 1.94761 1.94706 1.94706 1.94791 1.94991 1.94953 1.94943 999999 999999 999999 999999 999999 999999 999999 999999
1.95255 1.95323 1.95246 1.94952 1.94643 1.94489 1.94378 1.94478 1.94626 1.94736 1.94741 1.94738 1.94512 1.94358 1.94106 1.93931 1.93805 1.93757 1.93813 1.93933 1.94121 1.94339 1.94524 1.94634 1.94709 1.94902 1.94984 1.94854 1.94795 1.94511 1.9472 1.94744 1.95185 1.95502 1.95728 1.95771 1.96127 1.96285 1.96621 1.9674 1.96948 1.96849 1.97033 1.9724 1.97252 1.97316 1.97169 1.96997 1.96744 1.96467 1.96178 1.95774 1.95548 1.9499 1.94959 1.95134 1.95074 1.95002 1.9498 1.94915 1.94835 1.94809 1.94528 999999 999999 999999 999999 999999
1.94925 1.94937 1.94933 1.94969 1.94661 1.94536 1.94376 1.94456 1.94525 1.94695 1.94632 1.94635 1.94513 1.94324 1.94124 1.93866 1.93717 1.93566 1.93602 1.93614 1.93841 1.93996 1.9436 1.94438 1.94611 1.94764 1.94953 1.94796 1.94582 1.94392 1.94222 1.944 1.94847 1.95239 1.95528 1.95643 1.95859 1.96082 1.96362 1.96562 1.96561 1.96626 1.96698 1.96804 1.97076 1.97034 1.96962 1.96761 1.965 1.96243 1.95979 1.95745 1.9555 1.95385 1.95235 1.95152 1.95061 1.94997 1.94966 1.94847 1.94823 1.94753 1.94487 1.94333 999999 999999 999999 999999
1.94886 1.94844 1.94809 1.94643 1.9476 1.94619 1.94656 1.9464 1.94732 1.94645 1.94699 1.94555 1.94437 1.94252 1.9401 1.93787 1.93601 1.93455 1.93448 1.93483 1.93669 1.93859 1.941 1.94253 1.94359 1.94626 1.94756 1.94835 1.94549 1.94298 1.94209 1.94146 1.94818 1.94978 1.95303 1.95249 1.95735 1.95613 1.95978 1.96194 1.96013 1.96128 1.96053 1.96359 1.96408 1.96869 1.96709 1.96637 1.9636 1.96151 1.95882 1.95672 1.95475 1.95331 1.95206 1.95077 1.95039 1.94942 1.9491 1.94843 1.94763 1.94576 1.94478 1.94295 1.9409 999999 999999 999999
1.94718 1.94694 1.9467 1.94721 1.94814 1.94761 1.94886 1.94829 1.94905 1.94875 1.94769 1.94638 1.94513 1.94323 1.9412 1.93853 1.93633 1.93364 1.93274 1.93198 1.93355 1.93475 1.93774 1.93987 1.94229 1.94454 1.94671 1.94844 1.94763 1.94312 1.94048 1.94347 1.94287 1.94603 1.94626 1.94804 1.94786 1.94954 1.95281 1.95382 1.95535 1.95525 1.95569 1.95677 1.96066 1.96262 1.96428 1.96298 1.96102 1.95877 1.95684 1.95491 1.9534 1.9521 1.95086 1.9502 1.94947 1.94897 1.94835 1.9479 1.94735 1.94562 1.94432 1.94098 1.94015 1.93965 1.93954 999999
1.9476 1.94741 1.94733 1.94783 1.94824 1.94971 1.94988 1.95009 1.94931 1.94887 1.94713 1.94612 1.94466 1.943 1.94055 1.938 1.9352 1.9327 1.93133 1.93057 1.93156 1.93223 1.93583 1.93796 1.94109 1.94326 1.9458 1.94714 1.94642 1.94683 1.94418 1.94358 1.94554 1.94571 1.94421 1.94587 1.94402 1.94567 1.94599 1.95174 1.95089 1.95414 1.95221 1.95439 1.95651 1.95868 1.95837 1.95846 1.95589 1.9573 1.95508 1.9542 1.95257 1.95089 1.95042 1.94927 1.94904 1.94821 1.94801 1.94718 1.94701 1.94639 1.94381 1.94093 1.93908 1.93912 1.93989 1.94019
1.94772 1.94742 1.94767 1.94806 1.94873 1.94859 1.94856 1.94916 1.94865 1.94717 1.94677 1.945 1.94442 1.9423 1.94116 1.93749 1.935 1.9311 1.92981 1.92817 1.92929 1.93042 1.93316 1.93615 1.93917 1.94208 1.94443 1.94661 1.949 1.94781 1.94964 1.94888 1.94846 1.9502 1.94626 1.94751 1.94368 1.9457 1.94527 1.94972 1.95084 1.95303 1.95387 1.95545 1.9532 1.95465 1.95131 1.95101 1.95134 1.95045 1.95315 1.9519 1.95137 1.95014 1.94922 1.94862 1.94803 1.94759 1.94705 1.9467 1.94623 1.9452 1.94221 1.94062 1.93926 1.93949 1.94035 1.9422
1.948 1.94812 1.94832 1.94864 1.94844 1.94804 1.94736 1.94714 1.9468 1.94608 1.9449 1.94386 1.94243 1.94089 1.93859 1.93607 1.93243 1.92992 1.9277 1.92694 1.92803 1.92889 1.93266 1.93567 1.93892 1.94272 1.94503 1.94856 1.9499 1.95564 1.95375 1.95499 1.95345 1.95339 1.95216 1.9507 1.95139 1.9477 1.94923 1.95098 1.95575 1.95665 1.95868 1.95777 1.95645 1.95261 1.94882 1.9457 1.94359 1.94865 1.94875 1.9512 1.95014 1.94922 1.94876 1.94773 1.9475 1.94682 1.94665 1.94596 1.94584 1.94537 1.94389 1.941 1.94044 1.94168 1.94182 1.9423
1.94828 1.9493 1.94927 1.94922 1.94817 1.94743 1.94656 1.94619 1.94565 1.94394 1.94331 1.94089 1.94078 1.93852 1.93751 1.93442 1.93238 1.92894 1.92769 1.92661 1.92693 1.92827 1.93069 1.93534 1.93891 1.94419 1.94673 1.94909 1.95238 1.95595 1.95802 1.95669 1.96016 1.95822 1.9592 1.95555 1.9564 1.95222 1.95556 1.95587 1.95958 1.96065 1.96286 1.96199 1.95726 1.9522 1.94426 1.94137 1.94138 1.94355 1.94776 1.94969 1.94916 1.94854 1.94767 1.94712 1.94658 1.94624 1.94579 1.94552 1.94517 1.94495 1.94351 1.94279 1.94222 1.9421 1.94279 1.94226
1.94998 1.94991 1.94975 1.94814 1.94777 1.94694 1.94581 1.94499 1.94341 1.94191 1.9402 1.93874 1.93738 1.93644 1.93437 1.93314 1.93018 1.92991 1.92742 1.92675 1.9274 1.92778 1.9323 1.93624 1.94173 1.94584 1.94957 1.94958 1.95299 1.95203 1.95753 1.95746 1.95939 1.95927 1.95866 1.95852 1.95694 1.95678 1.95753 1.95901 1.96064 1.9636 1.9661 1.965 1.96193 1.95347 1.94761 1.94177 1.9419 1.94398 1.94746 1.94943 1.94892 1.94786 1.94734 1.94641 1.94618 1.94563 1.94552 1.94472 1.94458 1.94431 1.94448 1.94243 1.94206 1.94257 1.94268 1.94187
1.95015 1.94989 1.94977 1.94937 1.94784 1.94599 1.94472 1.94418 1.94258 1.94065 1.93928 1.93758 1.93645 1.93563 1.93458 1.93341 1.9321 1.93155 1.92959 1.92878 1.92728 1.92814 1.93111 1.93709 1.94267 1.94801 1.94954 1.94953 1.95 1.95039 1.95238 1.95373 1.95546 1.95621 1.95802 1.95781 1.95885 1.95894 1.95915 1.95983 1.96313 1.96593 1.96657 1.96615 1.9602 1.95417 1.94791 1.94445 1.94529 1.94624 1.94743 1.94913 1.94812 1.94735 1.9465 1.94596 1.9455 1.94505 1.94462 1.94432 1.94399 1.94354 1.94318 1.94215 1.94231 1.942 1.94162 1.94162
1.95581 1.95494 1.95352 1.94921 1.94652 1.9451 1.94346 1.94212 1.94056 1.93969 1.9379 1.93701 1.93588 1.93539 1.93474 1.93582 1.93398 1.93501 1.93154 1.93093 1.92919 1.9281 1.93413 1.93746 1.94482 1.94752 1.94921 1.9473 1.94765 1.9462 1.94877 1.95032 1.95258 1.95454 1.95515 1.95705 1.9577 1.95863 1.96046 1.96276 1.96465 1.96601 1.96699 1.96403 1.95957 1.95447 1.94964 1.94589 1.94649 1.94721 1.94943 1.949 1.94817 1.94695 1.9464 1.94561 1.94532 1.94491 1.94444 1.94377 1.94359 1.94342 1.94296 1.94115 1.9406 1.94027 1.94142 1.9412
1.95702 1.95677 1.95589 1.95315 1.95126 1.94635 1.94484 1.94166 1.94049 1.93764 1.93697 1.93511 1.93589 1.93647 1.93716 1.9391 1.93815 1.93982 1.93623 1.93558 1.9318 1.93058 1.93193 1.93723 1.94229 1.94576 1.94607 1.94309 1.94042 1.94091 1.94249 1.94557 1.94885 1.95161 1.95363 1.9553 1.95696 1.95812 1.95942 1.96259 1.9639 1.96637 1.96318 1.96227 1.95463 1.9506 1.95013 1.94828 1.94958 1.95011 1.94899 1.94859 1.94757 1.94666 1.94589 1.94539 1.94496 1.94458 1.94399 1.94357 1.94327 1.94321 1.94143 1.94057 1.93955 1.93975 1.94024 1.94105
1.968 1.96213 1.96244 1.9612 1.95444 1.95201 1.94488 1.94229 1.94002 1.93648 1.93494 1.93514 1.93557 1.93781 1.93993 1.94372 1.94343 1.94525 1.94144 1.94062 1.93501 1.93179 1.93489 1.93646 1.94063 1.94345 1.94102 1.94022 1.93807 1.93837 1.94073 1.94453 1.94715 1.95095 1.95261 1.95145 1.952 1.95499 1.95632 1.95834 1.96374 1.96549 1.96288 1.95996 1.95497 1.95107 1.94918 1.94931 1.95061 1.95049 1.94999 1.94862 1.94765 1.94676 1.94613 1.94554 1.94509 1.9448 1.94431 1.94363 1.94328 1.94336 1.94182 1.94045 1.93963 1.94017 1.94034 1.94105
1.98738 1.97468 1.9746 1.97174 1.97059 1.96099 1.95802 1.9575 1.94688 1.9423 1.93422 1.93233 1.93391 1.93698 1.94148 1.94722 1.94888 1.95198 1.94829 1.94754 1.94092 1.93722 1.93322 1.93693 1.93918 1.94229 1.94107 1.93898 1.93725 1.93778 1.94115 1.94461 1.94784 1.95124 1.94834 1.9492 1.947 1.94818 1.95447 1.95699 1.96357 1.96516 1.96166 1.95987 1.9542 1.95136 1.95182 1.95255 1.95123 1.95131 1.94962 1.94846 1.94749 1.94683 1.94619 1.94564 1.94522 1.94476 1.94428 1.94392 1.94351 1.94329 1.94194 1.94132 1.94061 1.94064 1.94152 1.94067
2.00069 1.98501 1.98631 1.98603 1.98069 1.97524 1.9678 1.96295 1.95568 1.94442 1.93931 1.93251 1.93531 1.93874 1.94496 1.95276 1.95407 1.95824 1.95488 1.95441 1.94554 1.94182 1.93838 1.9386 1.94034 1.94345 1.94064 1.94116 1.93848 1.94021 1.94259 1.9478 1.95224 1.95713 1.95217 1.94811 1.94473 1.94396 1.94657 1.95468 1.95793 1.96555 1.96495 1.96123 1.95917 1.95445 1.95565 1.95399 1.95418 1.95208 1.95088 1.94907 1.94842 1.9478 1.94691 1.94646 1.94572 1.94533 1.94472 1.94418 1.94373 1.9435 1.94324 1.94197 1.94166 1.9424 1.94192 1.94061
2.01203 2.01049 2.00043 1.99786 1.9986 1.98814 1.98832 1.98685 1.9727 1.96523 1.94825 1.94119 1.93501 1.94136 1.94648 1.95784 1.96061 1.96621 1.96218 1.96189 1.95392 1.94962 1.94328 1.94586 1.94443 1.94855 1.94507 1.94594 1.94289 1.94606 1.951 1.95411 1.95879 1.95978 1.95643 1.94931 1.94529 1.94283 1.94477 1.95073 1.95796 1.96337 1.96569 1.96397 1.96239 1.95957 1.9574 1.95639 1.95426 1.9527 1.95133 1.95013 1.94887 1.94832 1.94764 1.94682 1.94625 1.94564 1.94498 1.94442 1.94393 1.94353 1.94332 1.94316 1.94284 1.94147 1.94125 1.93932
2.01949 2.01502 2.01853 2.01077 2.0082 2.00267 2.00039 1.99765 1.98672 1.98062 1.9591 1.948 1.94681 1.94597 1.95578 1.96475 1.9692 1.97359 1.97012 1.96909 1.96087 1.95691 1.95257 1.95226 1.95292 1.95441 1.95159 1.95293 1.95066 1.95324 1.95587 1.95998 1.96611 1.96988 1.96351 1.9614 1.95207 1.95056 1.95127 1.9509 1.95753 1.96444 1.96743 1.96746 1.96574 1.96015 1.95858 1.9548 1.95328 1.95392 1.9532 1.95126 1.95075 1.94991 1.94869 1.94796 1.94693 1.94614 1.94535 1.94459 1.94408 1.94358 1.94338 1.94318 1.94305 1.9407 1.93921 1.93645
2.02893 2.02827 2.02676 2.02061 2.02226 2.01555 2.01594 2.01791 2.006 2.00391 1.97853 1.96727 1.95237 1.95356 1.96014 1.97173 1.97655 1.98275 1.97802 1.97755 1.97065 1.96515 1.95912 1.96159 1.95964 1.96297 1.9595 1.96231 1.95929 1.96411 1.96755 1.9691 1.9717 1.97242 1.97528 1.96553 1.96944 1.95586 1.96038 1.95794 1.96031 1.96583 1.9687 1.97017 1.9654 1.96221 1.95544 1.95233 1.9528 1.95216 1.95422 1.95325 1.95149 1.9506 1.94962 1.94833 1.94736 1.94625 1.94543 1.94461 1.94402 1.94359 1.94335 1.94209 1.94105 1.93885 1.93635 1.93487
2.03003 2.0303 2.03129 2.03081 2.03045 2.0274 2.0266 2.0275 2.02516 2.01507 2.00278 1.98257 1.97232 1.96615 1.96813 1.97751 1.9839 1.98734 1.98787 1.98436 1.98 1.97392 1.97067 1.96792 1.96829 1.96798 1.97008 1.96908 1.97065 1.97059 1.97209 1.97356 1.97496 1.97632 1.97666 1.97718 1.97144 1.96834 1.96378 1.96206 1.96299 1.96737 1.96905 1.97119 1.96787 1.96374 1.95707 1.95338 1.95145 1.95186 1.95322 1.95376 1.95264 1.95076 1.94993 1.94838 1.94755 1.94623 1.94552 1.94457 1.94406 1.94357 1.94337 1.94165 1.94075 1.9381 1.93585 1.93436
2.03326 2.03382 2.03505 2.03394 2.03584 2.03301 2.03313 2.03029 2.02761 2.01906 2.00546 1.98768 1.97549 1.97013 1.97075 1.9784 1.98548 1.98827 1.98926 1.9862 1.98103 1.97582 1.97193 1.96959 1.96936 1.96912 1.97145 1.97063 1.97211 1.97208 1.97335 1.97466 1.97574 1.97702 1.97709 1.97746 1.97202 1.96962 1.96488 1.9636 1.96401 1.96793 1.96879 1.971 1.96752 1.96426 1.95731 1.95403 1.95184 1.95173 1.95277 1.95259 1.95332 1.95223 1.95039 1.94934 1.94799 1.947 1.9459 1.94514 1.94435 1.94393 1.9435 1.94133 1.94059 1.93793 1.93694 1.93559
2.03377 2.03425 2.03511 2.03395 2.03592 2.03363 2.03359 2.03127 2.02749 2.0204 2.00502 1.99602 1.97773 1.97891 1.97086 1.98025 1.98483 1.98941 1.98917 1.98642 1.98094 1.97922 1.97252 1.97311 1.96925 1.97274 1.97144 1.97458 1.97199 1.97548 1.97323 1.97707 1.97558 1.97815 1.97691 1.97743 1.97174 1.96987 1.96471 1.96777 1.96402 1.96826 1.96834 1.96765 1.96736 1.96187 1.95766 1.95523 1.95221 1.95178 1.95258 1.95231 1.95195 1.95215 1.95144 1.94936 1.9487 1.94702 1.94649 1.94517 1.94476 1.94396 1.94374 1.94113 1.94065 1.93792 1.93718 1.9359
2.03419 2.03455 2.03507 2.03605 2.03549 2.03701 2.03559 2.03275 2.03102 2.01722 2.00849 1.99657 1.98708 1.98046 1.98231 1.9801 1.98518 1.98893 1.98837 1.98615 1.98378 1.97948 1.9765 1.97346 1.97327 1.97271 1.97261 1.97456 1.97433 1.97546 1.97612 1.97709 1.97829 1.97807 1.97845 1.97734 1.9761 1.96977 1.96893 1.96795 1.96911 1.96829 1.97122 1.96723 1.9664 1.96185 1.95917 1.95567 1.95452 1.95183 1.95195 1.95211 1.95173 1.95217 1.95159 1.94936 1.94882 1.94704 1.94659 1.94519 1.9447 1.94398 1.94174 1.94102 1.93857 1.93794 1.9365 1.93612
2.03445 2.0347 2.03541 2.03586 2.03518 2.0369 2.03559 2.03256 2.03116 2.01649 2.00886 1.99678 1.98841 1.98116 1.98319 1.97989 1.9846 1.98861 1.9867 1.98593 1.98471 1.97958 1.97991 1.97358 1.97682 1.97262 1.9761 1.97446 1.97831 1.97535 1.97962 1.97703 1.9799 1.97798 1.9788 1.97726 1.97597 1.96959 1.97435 1.96795 1.97234 1.96825 1.96784 1.967 1.96212 1.96185 1.95925 1.95594 1.95473 1.95186 1.95144 1.952 1.95118 1.95216 1.9511 1.94936 1.94836 1.94704 1.94625 1.9452 1.94473 1.94399 1.94164 1.94096 1.9385 1.93796 1.93663 1.93626
2.03459 2.03477 2.03542 2.03572 2.03738 2.03679 2.03637 2.03239 2.02303 2.01605 2.00864 1.99683 1.99825 1.98143 1.99 1.9797 1.98514 1.9884 1.9863 1.98577 1.98471 1.9796 1.98013 1.97362 1.97699 1.97254 1.97605 1.97436 1.97828 1.97524 1.97961 1.97695 1.97988 1.9779 1.97873 1.9772 1.97588 1.97548 1.97445 1.96789 1.97243 1.96819 1.96768 1.96732 1.96191 1.96124 1.95944 1.95885 1.95494 1.95472 1.9514 1.9515 1.95106 1.95105 1.95111 1.95085 1.94837 1.94816 1.94626 1.9461 1.94475 1.94465 1.94157 1.94132 1.93846 1.93812 1.93671 1.9365
