data/density/099.00_density.grd
DSAA
91 71
1000000 1090000
7230000 7300000
1.93135 2.07918
[rows 30 to 59 of 71, columns 0 to 67 of 91]
1.97061 1.9707 1.97076 1.97074 1.97076 1.96985 1.96864 1.97007 1.96852 1.96903 1.9658 1.96514 1.96407 1.96344 1.96389 1.96487 1.96797 1.97046 1.97714 1.97974 1.98588 1.98887 1.99317 1.99436 1.99397 1.99275 1.98834 1.98266 1.97853 1.97673 1.97537 1.97779 1.98019 1.98361 1.98551 1.98697 1.98476 1.98377 1.97904 1.97705 1.97552 1.9757 1.97777 1.98153 1.98676 1.98867 1.99142 1.98975 1.98352 1.97939 1.97348 999999 999999 999999 999999 999999 999999 999999 999999 999999 999999 999999 999999 999999 999999 999999 999999 999999
1.97065 1.9708 1.97089 1.97086 1.97082 1.96985 1.96869 1.97006 1.96861 1.96901 1.96605 1.96516 1.96397 1.96318 1.96357 1.96476 1.96778 1.97067 1.97683 1.97987 1.98562 1.9891 1.99322 1.9947 1.99446 1.99299 1.98878 1.98243 1.97833 1.97616 1.97346 1.97583 1.98079 1.98498 1.98912 1.98956 1.99038 1.98604 1.98415 1.9787 1.97726 1.9777 1.9809 1.98615 1.99031 1.99636 1.99603 1.99518 1.99121 1.9824 1.97327 1.97063 1.96009 999999 999999 999999 999999 999999 999999 999999 999999 999999 999999 999999 999999 999999 999999 999999
1.96899 1.97086 1.971 1.97092 1.96829 1.96681 1.9674 1.96697 1.96887 1.96735 1.96758 1.9648 1.96346 1.96206 1.96229 1.96433 1.96736 1.97225 1.97609 1.9814 1.98586 1.99121 1.99471 1.99786 1.99799 1.99521 1.98928 1.9827 1.97601 1.97238 1.97316 1.97561 1.98088 1.98503 1.98934 1.98994 1.99054 1.98658 1.98413 1.97902 1.97714 1.97741 1.98092 1.98643 1.99122 1.99667 1.9966 1.99602 1.99176 1.98376 1.9734 1.96259 1.95882 1.95371 1.95369 999999 999999 999999 999999 999999 999999 999999 999999 999999 999999 999999 999999 999999
1.96897 1.96949 1.9709 1.9706 1.96786 1.96649 1.96706 1.96662 1.96856 1.96743 1.9676 1.9651 1.96341 1.96185 1.96206 1.96414 1.96768 1.9721 1.97649 1.98119 1.98634 1.99134 1.99547 1.99832 1.99851 1.99624 1.98935 1.98296 1.97506 1.97174 1.97262 1.97501 1.98125 1.98517 1.99033 1.99117 1.99193 1.9888 1.98593 1.98172 1.97952 1.97979 1.98401 1.98911 1.99485 1.99942 1.9992 1.99859 1.99332 1.98674 1.97433 1.96369 1.95837 1.9527 1.95368 1.96201 1.97264 999999 999999 999999 999999 999999 999999 999999 999999 999999 999999 999999
1.96858 1.96896 1.96894 1.96924 1.96573 1.96444 1.96517 1.96508 1.96503 1.96699 1.96628 1.96604 1.96301 1.96236 1.96261 1.96471 1.96904 1.97307 1.97743 1.98257 1.98793 1.9928 1.9975 1.99966 2.00027 1.99638 1.99023 1.9827 1.97497 1.96584 1.97143 1.97176 1.9807 1.98524 1.99239 1.99401 1.9946 1.99502 1.99041 1.98961 1.98623 1.98671 1.99281 1.99721 2.00569 2.00675 2.00725 2.00636 2.00532 1.99641 1.98834 1.97297 1.96217 1.95761 1.9597 1.96899 1.97403 1.97796 1.99545 999999 999999 999999 999999 999999 999999 999999 999999 999999
1.96786 1.96779 1.96732 1.96585 1.96086 1.95961 1.95822 1.96046 1.96053 1.96285 1.96537 1.96464 1.96451 1.96235 1.96275 1.96485 1.96795 1.97086 1.97772 1.98016 1.9896 1.99315 2.00037 2.00189 2.00226 1.99728 1.98842 1.97722 1.96775 1.96145 1.9619 1.96472 1.97741 1.98257 1.99133 1.99541 1.99824 1.99887 1.99966 1.99871 1.99913 2.00068 2.00528 2.00969 2.01461 2.01643 2.01623 2.01335 2.00932 2.00149 1.99256 1.98124 1.97006 1.96407 1.967 1.97194 1.97802 1.99461 1.99771 1.99895 999999 999999 999999 999999 999999 999999 999999 999999
1.96298 1.96496 1.96403 1.96044 1.95718 1.95529 1.95367 1.95512 1.95814 1.96065 1.96242 1.96414 1.96352 1.96376 1.96413 1.96505 1.96804 1.97103 1.97599 1.98126 1.9877 1.99406 1.99892 2.00241 2.00268 1.9974 1.98828 1.97246 1.9635 1.95616 1.95849 1.95838 1.97188 1.97827 1.98833 1.98898 1.99259 1.99456 1.99495 1.99541 1.99548 1.99433 2.00042 2.00522 2.00991 2.01684 2.01781 2.01661 2.01462 2.00861 2.00427 1.99281 1.98769 1.97362 1.97689 1.98488 1.99035 1.99825 2.00578 2.00382 2.00296 1.9977 1.98477 999999 999999 999999 999999 999999
1.95903 1.95923 1.95937 1.9607 1.95738 1.9567 1.95495 1.95528 1.9574 1.96124 1.96199 1.96389 1.96349 1.96211 1.96249 1.96158 1.96358 1.96389 1.96913 1.97274 1.98157 1.98893 1.99935 2.0009 2.00281 1.99715 1.99043 1.97314 1.9613 1.95624 1.9495 1.95246 1.96052 1.97033 1.97521 1.98016 1.98213 1.98432 1.98747 1.98866 1.988 1.98949 1.99233 1.99639 2.00646 2.01 2.01651 2.01568 2.01485 2.01056 2.00668 2.00039 1.99546 1.99144 1.99204 1.99292 2.00126 2.00438 2.00602 2.00427 2.0022 1.99266 1.98067 1.97192 999999 999999 999999 999999
1.9578 1.95785 1.95749 1.95601 1.95923 1.95796 1.95894 1.95908 1.96154 1.96166 1.9643 1.96315 1.96261 1.96065 1.96002 1.95867 1.95919 1.96064 1.9644 1.97079 1.97891 1.9876 1.99443 1.99959 2.00083 1.99904 1.99066 1.97897 1.96707 1.95555 1.95148 1.94735 1.95937 1.9622 1.96947 1.96875 1.97524 1.97368 1.97717 1.97943 1.97358 1.97733 1.97458 1.98384 1.98778 2.00274 2.00475 2.0111 2.00936 2.01053 2.0078 2.00436 2.00183 1.9955 1.99667 1.99826 1.99971 2.00445 2.00606 2.00395 1.99482 1.98429 1.97938 1.96976 1.95816 999999 999999 999999
1.95521 1.95481 1.95458 1.95645 1.95881 1.96011 1.96195 1.96282 1.96487 1.968 1.9665 1.96684 1.96378 1.96077 1.95747 1.954 1.95345 1.95012 1.95498 1.95856 1.96975 1.97953 1.99003 1.99674 1.99909 1.9979 1.99453 1.98791 1.97647 1.96064 1.94946 1.94991 1.94881 1.95519 1.9531 1.95782 1.95523 1.95974 1.96138 1.96234 1.96391 1.96388 1.96495 1.96991 1.97928 1.98851 1.99702 2.00083 2.00369 2.00338 2.00599 2.00395 2.00352 2.00198 2.00066 1.99999 2.00135 2.0003 2.00054 1.99681 1.99108 1.98213 1.97597 1.95854 1.95539 1.95179 1.95757 999999
1.95534 1.95499 1.95496 1.95648 1.95925 1.96246 1.96521 1.96701 1.9688 1.97005 1.96932 1.96686 1.96382 1.95868 1.95443 1.94923 1.94665 1.94573 1.94883 1.95559 1.96596 1.97394 1.98701 1.99367 1.9975 1.9988 1.99369 1.99134 1.98203 1.96973 1.95958 1.9504 1.95268 1.95254 1.95022 1.95262 1.95008 1.95219 1.95256 1.9596 1.95794 1.96197 1.95978 1.96362 1.96879 1.97761 1.98076 1.9877 1.98668 1.99619 1.9957 2.00284 2.00188 2.0002 2.0003 1.99951 1.99887 1.99695 1.99587 1.99167 1.98707 1.97584 1.9669 1.95603 1.95049 1.9543 1.9586 1.96198
1.9555 1.95581 1.95615 1.95728 1.96007 1.96178 1.96449 1.96663 1.9688 1.97037 1.97112 1.97045 1.96685 1.96228 1.95578 1.94847 1.94304 1.93822 1.94066 1.94354 1.955 1.9665 1.97967 1.98823 1.99419 1.99537 1.99496 1.99166 1.9892 1.97183 1.96917 1.96162 1.95708 1.95939 1.95347 1.95514 1.9497 1.95239 1.95103 1.95658 1.95796 1.96072 1.96203 1.96546 1.96385 1.96854 1.9661 1.96998 1.97482 1.97876 1.99115 1.99439 2.00012 1.99956 1.99852 1.99722 1.99532 1.99222 1.989 1.98412 1.97657 1.96913 1.95692 1.95262 1.94987 1.9556 1.96107 1.97402
1.95713 1.95729 1.95778 1.96056 1.96118 1.96307 1.96382 1.96602 1.96883 1.97063 1.97078 1.9707 1.9664 1.96131 1.95352 1.94591 1.93965 1.93507 1.93618 1.93671 1.95182 1.95815 1.97496 1.98273 1.98932 1.99294 1.99124 1.99219 1.99159 1.98964 1.98002 1.9784 1.96728 1.96654 1.96231 1.96105 1.96176 1.95624 1.95642 1.95894 1.9649 1.96743 1.9704 1.96934 1.96814 1.96328 1.95883 1.95777 1.95624 1.9704 1.97578 1.99182 1.994 1.99761 1.99772 1.99614 1.9939 1.98918 1.98567 1.97889 1.97438 1.96435 1.95896 1.94956 1.95077 1.95631 1.966 1.97645
1.95781 1.95987 1.96005 1.96042 1.96168 1.96196 1.96224 1.96341 1.96518 1.96514 1.96799 1.96733 1.96785 1.96334 1.95753 1.94987 1.94217 1.93553 1.93286 1.93446 1.94155 1.95097 1.96353 1.97351 1.98383 1.98773 1.9919 1.99204 1.99256 1.99069 1.99076 1.9836 1.98454 1.97904 1.97787 1.97219 1.97215 1.96309 1.96725 1.9655 1.9727 1.9748 1.97951 1.97898 1.97048 1.96382 1.95103 1.94886 1.95132 1.9593 1.97398 1.98434 1.99282 1.99603 1.99547 1.99339 1.98967 1.98468 1.97895 1.97333 1.96633 1.9618 1.95468 1.95341 1.95506 1.95714 1.97264 1.97788
1.96032 1.96039 1.9605 1.96122 1.96117 1.96138 1.96145 1.96185 1.96147 1.96201 1.96376 1.96509 1.96398 1.96314 1.95589 1.95046 1.94208 1.93838 1.93394 1.93135 1.93942 1.94238 1.95839 1.96572 1.97735 1.98272 1.98493 1.98508 1.98949 1.98931 1.99216 1.99025 1.98776 1.98523 1.982 1.9786 1.97528 1.97076 1.97011 1.97218 1.97514 1.98262 1.98909 1.98513 1.98082 1.96588 1.95725 1.94797 1.9497 1.95873 1.97039 1.98537 1.99192 1.99733 1.9959 1.99378 1.9895 1.98171 1.97612 1.96622 1.96325 1.9562 1.95593 1.95024 1.9525 1.95729 1.96592 1.97391
1.96056 1.96059 1.96053 1.96013 1.95948 1.95865 1.95771 1.95823 1.95698 1.95543 1.95783 1.95761 1.9609 1.96016 1.9598 1.95543 1.94942 1.94488 1.93773 1.93504 1.93347 1.93896 1.9478 1.95729 1.96914 1.97467 1.97919 1.98249 1.98704 1.9878 1.99141 1.98932 1.99084 1.9873 1.98615 1.98169 1.9809 1.97423 1.9737 1.97349 1.98236 1.98936 1.99198 1.99075 1.9785 1.9678 1.95761 1.95204 1.95733 1.96407 1.97657 1.98711 1.99318 1.99677 1.99564 1.99078 1.98456 1.97669 1.9681 1.96166 1.95619 1.95365 1.9511 1.94968 1.95283 1.95415 1.96313 1.96629
1.96835 1.96706 1.96497 1.95933 1.9565 1.95551 1.95413 1.95349 1.95103 1.95111 1.95173 1.95402 1.95625 1.95956 1.95861 1.96093 1.95329 1.95267 1.94209 1.93734 1.93598 1.9337 1.94505 1.95003 1.96225 1.9665 1.97345 1.97409 1.98055 1.98173 1.98577 1.98607 1.98744 1.98545 1.98217 1.97996 1.97566 1.97256 1.9748 1.97951 1.98596 1.99128 1.99393 1.98688 1.97748 1.96758 1.95876 1.95546 1.96043 1.96832 1.98101 1.98979 1.9965 1.99931 1.99655 1.99249 1.98598 1.97712 1.96837 1.96232 1.95832 1.95675 1.95274 1.94953 1.94781 1.95075 1.95616 1.96051
1.97004 1.96957 1.96811 1.96283 1.96012 1.95548 1.95333 1.95038 1.94784 1.94497 1.94587 1.94563 1.95068 1.95317 1.95865 1.96114 1.96111 1.96027 1.95208 1.9463 1.93757 1.93582 1.93781 1.94563 1.95329 1.95778 1.9632 1.96259 1.96417 1.96957 1.97308 1.97652 1.97749 1.97811 1.9755 1.97337 1.97191 1.97071 1.97211 1.97911 1.98417 1.99198 1.98536 1.98311 1.96799 1.95972 1.96188 1.96182 1.97188 1.98055 1.98849 1.99596 1.99739 1.99856 1.99503 1.99059 1.98264 1.97719 1.96852 1.9641 1.96131 1.96103 1.95471 1.95002 1.94856 1.94968 1.95196 1.95522
1.98739 1.97598 1.9762 1.97388 1.96335 1.96039 1.95165 1.94835 1.94553 1.94139 1.94086 1.94206 1.946 1.94992 1.95765 1.96427 1.96526 1.96914 1.95803 1.95344 1.94277 1.93566 1.93953 1.94129 1.94745 1.95164 1.95311 1.95476 1.95853 1.96164 1.96654 1.97074 1.97127 1.97285 1.96965 1.96538 1.96187 1.96511 1.96713 1.97073 1.98348 1.98758 1.98364 1.97737 1.96657 1.96041 1.96019 1.96544 1.97533 1.98303 1.99196 1.99679 1.99948 1.9981 1.99599 1.9922 1.98727 1.98144 1.97692 1.97444 1.96962 1.97046 1.96115 1.95501 1.94898 1.95236 1.95289 1.95697
2.01077 1.99596 1.9955 1.99096 1.98865 1.9729 1.96913 1.96756 1.95283 1.94764 1.93867 1.93752 1.9399 1.94561 1.95431 1.9631 1.96953 1.97412 1.96917 1.96273 1.95036 1.94246 1.93708 1.94135 1.94438 1.94949 1.94975 1.95122 1.95059 1.95606 1.95795 1.96428 1.96702 1.97089 1.95886 1.96107 1.95401 1.95505 1.96489 1.96891 1.98026 1.98516 1.97795 1.97391 1.96506 1.95996 1.96767 1.97177 1.98295 1.99116 1.99479 1.99801 1.99806 1.99728 1.99439 1.99319 1.98853 1.98647 1.98339 1.98124 1.97939 1.97492 1.96585 1.95897 1.95649 1.95447 1.95783 1.95598
2.03009 2.01369 2.01574 2.01534 2.00511 1.9966 1.98125 1.9747 1.96499 1.94975 1.94416 1.9364 1.94021 1.94448 1.9551 1.96589 1.97296 1.98115 1.97355 1.97245 1.95515 1.94788 1.9433 1.94329 1.9459 1.95115 1.94949 1.95257 1.952 1.9557 1.95849 1.96386 1.96633 1.97092 1.96107 1.95553 1.95112 1.94989 1.95351 1.96509 1.96997 1.98255 1.98053 1.97454 1.97015 1.96394 1.97066 1.97363 1.98162 1.98982 1.9935 1.99699 1.99674 1.99501 1.99478 1.99244 1.9924 1.98898 1.98809 1.98585 1.98304 1.97677 1.97141 1.96173 1.95992 1.95941 1.9596 1.95676
2.04737 2.04688 2.03702 2.03666 2.03756 2.01899 2.01715 2.01063 1.98703 1.97578 1.95404 1.94596 1.93919 1.94721 1.95417 1.97029 1.9767 1.98748 1.98392 1.98104 1.96775 1.95927 1.94912 1.95204 1.95104 1.95836 1.95571 1.96033 1.95693 1.96308 1.9654 1.96907 1.9726 1.97339 1.96685 1.95689 1.95145 1.94856 1.95096 1.95936 1.96824 1.97673 1.97907 1.97639 1.97451 1.9707 1.97223 1.97424 1.98075 1.98496 1.99186 1.99316 1.99465 1.99401 1.99301 1.99268 1.99205 1.99024 1.98894 1.98527 1.98098 1.9761 1.96896 1.964 1.96105 1.9576 1.95805 1.95377
2.04861 2.05137 2.06185 2.05565 2.05609 2.04628 2.03542 2.02623 2.00791 1.99381 1.96856 1.95378 1.9525 1.95221 1.96499 1.97759 1.98646 1.99648 1.99211 1.99221 1.97664 1.96847 1.96218 1.95988 1.96304 1.96586 1.96635 1.96966 1.96813 1.97123 1.97235 1.97612 1.98186 1.9848 1.97506 1.97027 1.95888 1.95663 1.95836 1.95801 1.96632 1.97689 1.98118 1.98038 1.97718 1.97094 1.96902 1.96871 1.97049 1.98068 1.98347 1.99097 1.99093 1.99083 1.99177 1.9897 1.99002 1.98684 1.98586 1.97989 1.97783 1.97021 1.96837 1.96004 1.9587 1.95453 1.95239 1.94543
2.05392 2.05543 2.06437 2.06393 2.07177 2.06279 2.06175 2.05796 2.03447 2.0235 1.99008 1.97532 1.95919 1.96132 1.96957 1.98623 1.9955 2.00885 2.00592 2.00562 1.99193 1.98082 1.96981 1.97083 1.97066 1.97605 1.97469 1.98062 1.97883 1.98486 1.98831 1.98841 1.9891 1.98827 1.9899 1.97516 1.9793 1.96251 1.96772 1.96546 1.97003 1.97787 1.98171 1.98356 1.97631 1.97232 1.96434 1.96285 1.96656 1.97161 1.98081 1.9861 1.98867 1.98863 1.988 1.98683 1.9852 1.98237 1.97837 1.97495 1.96926 1.96611 1.96135 1.95736 1.95298 1.94883 1.94381 1.94168
2.05192 2.05314 2.05962 2.06873 2.07254 2.07617 2.07301 2.06913 2.06103 2.03946 2.02072 1.99432 1.98173 1.97568 1.98129 1.99406 2.00705 2.01602 2.01984 2.01664 2.00751 1.99457 1.98569 1.97984 1.97904 1.98089 1.98539 1.98717 1.99119 1.99186 1.99467 1.99502 1.99512 1.99427 1.99157 1.99016 1.98134 1.97718 1.97144 1.96959 1.97224 1.97894 1.98151 1.98434 1.97974 1.97398 1.9656 1.96138 1.96118 1.96676 1.97338 1.98447 1.98615 1.98787 1.98733 1.98573 1.98409 1.98061 1.97698 1.97311 1.9683 1.96471 1.96071 1.95582 1.95206 1.94717 1.94275 1.94069
2.05215 2.05342 2.05639 2.06446 2.07383 2.07599 2.07918 2.07169 2.06318 2.04488 2.02375 2.00083 1.98548 1.98014 1.98481 1.99548 2.01017 2.01756 2.02237 2.01939 2.00892 1.99786 1.9874 1.9824 1.98017 1.9817 1.98673 1.9883 1.99255 1.99316 1.99619 1.99656 1.99611 1.99557 1.9922 1.99063 1.98205 1.97868 1.97261 1.97125 1.97362 1.97945 1.98083 1.98391 1.97948 1.97479 1.96587 1.96203 1.96184 1.96606 1.9726 1.97861 1.98508 1.98659 1.9872 1.984 1.98411 1.97941 1.97854 1.9729 1.9711 1.96493 1.96298 1.95568 1.95333 1.94712 1.94525 1.94217
2.05305 2.05393 2.05617 2.06264 2.07313 2.07481 2.07894 2.07229 2.06288 2.04726 2.02413 2.01153 1.98786 1.99264 1.98532 2.00194 2.0094 2.01857 2.02159 2.01715 2.00871 2.0027 1.98865 1.98701 1.98 1.98598 1.9868 1.99259 1.99225 1.99715 1.99603 1.99877 1.9958 1.99612 1.99208 1.99083 1.98186 1.9791 1.9724 1.97746 1.97373 1.9787 1.98003 1.97935 1.97944 1.97227 1.96632 1.9649 1.96233 1.96623 1.97227 1.97723 1.98005 1.98472 1.98481 1.98375 1.98328 1.97933 1.97819 1.97289 1.97026 1.9649 1.96242 1.95547 1.95316 1.94722 1.94551 1.9426
2.05427 2.05497 2.05637 2.06254 2.06734 2.07482 2.0739 2.07027 2.06343 2.04451 2.03057 2.01261 2.00153 1.99461 1.99784 2.00207 2.00965 2.01757 2.01977 2.01626 2.01204 2.00322 1.99626 1.98776 1.98745 1.98606 1.98763 1.99258 1.99349 1.99697 1.99753 1.99862 1.99904 1.99594 1.99507 1.99088 1.98849 1.97908 1.97804 1.97775 1.97907 1.97862 1.98319 1.97879 1.97749 1.97236 1.96868 1.96552 1.96471 1.96643 1.97106 1.97697 1.9793 1.98458 1.98458 1.98365 1.98335 1.97936 1.97849 1.97299 1.96623 1.96496 1.95722 1.9554 1.9491 1.94735 1.9438 1.94292
2.05516 2.0557 2.06077 2.0625 2.06641 2.07442 2.07317 2.06964 2.06348 2.04384 2.03161 2.01308 2.0034 1.99551 1.9987 2.00197 2.00868 2.01686 2.01443 2.01564 2.01102 2.00347 2.00106 1.98809 1.99329 1.98604 1.99214 1.9925 1.99775 1.99678 2.0002 1.99844 1.99934 1.99578 1.99497 1.99087 1.98852 1.97894 1.98545 1.97781 1.98285 1.9785 1.97836 1.97849 1.97214 1.97244 1.97053 1.96588 1.96871 1.96654 1.97134 1.97686 1.97711 1.98452 1.98131 1.98361 1.97891 1.97941 1.97342 1.97309 1.96626 1.96504 1.95711 1.9554 1.9491 1.94746 1.94405 1.94315
2.05575 2.05617 2.06132 2.06252 2.06469 2.07423 2.06643 2.06928 2.05208 2.04343 2.03223 2.01326 2.01804 1.99589 2.01166 2.00181 2.01167 2.01639 2.01347 2.01525 2.01087 2.00357 2.00154 1.98821 1.99374 1.98598 1.99213 1.99241 1.99768 1.99662 2.00002 1.99829 1.99919 1.99565 1.99491 1.99085 1.98853 1.98777 1.98567 1.97778 1.98291 1.97838 1.97811 1.97772 1.97188 1.97106 1.97088 1.9703 1.96908 1.9694 1.97135 1.97223 1.97687 1.97749 1.98116 1.98105 1.97883 1.97834 1.97342 1.97278 1.96627 1.96565 1.95704 1.95628 1.9491 1.94837 1.94421 1.94381
