data/density/112.00_density.grd
DSAA
91 71
1000000 1090000
7230000 7300000
1.93583 2.12479
[rows 30 to 59 of 71, columns 0 to 67 of 91]
1.98569 1.98591 1.98613 1.98631 1.98671 1.98591 1.98376 1.98504 1.98154 1.98201 1.97671 1.97643 1.97636 1.97654 1.98086 1.98381 1.99218 1.99734 2.01126 2.01604 2.0281 2.0333 2.04072 2.04251 2.03997 2.03705 2.02643 2.01456 2.00444 2.00039 1.99571 1.99988 2.00236 2.00848 2.01005 2.01185 2.00718 2.00435 1.99603 1.99215 1.98855 1.98842 1.99115 1.99738 2.00526 2.00858 2.01254 2.01 2.00252 1.99666 1.98909 999999 999999 999999 999999 999999 999999 999999 999999 999999 999999 999999 999999 999999 999999 999999 999999 999999
1.98563 1.98591 1.98623 1.98649 1.98691 1.98605 1.98398 1.98501 1.98165 1.98184 1.97694 1.97637 1.97606 1.97621 1.98019 1.98371 1.99176 1.99781 2.0107 2.01637 2.02767 2.03377 2.04091 2.04315 2.04101 2.03746 2.02737 2.01402 2.00411 1.9992 1.99274 1.99575 2.00481 2.01101 2.018 2.01693 2.01678 2.00846 2.00378 1.99505 1.99198 1.9922 1.99722 2.00434 2.01147 2.02061 2.02054 2.02006 2.01398 2.00258 1.98873 1.98513 1.97082 999999 999999 999999 999999 999999 999999 999999 999999 999999 999999 999999 999999 999999 999999 999999
1.98239 1.98578 1.9862 1.98658 1.98381 1.9824 1.983 1.98037 1.98216 1.97863 1.97937 1.97573 1.97529 1.97581 1.97813 1.9844 1.99124 2.002 2.00946 2.0203 2.02817 2.03805 2.0439 2.04881 2.04827 2.04122 2.02865 2.01406 2.00004 1.99133 1.99211 1.99539 2.00492 2.01125 2.01841 2.01774 2.01703 2.00925 2.00365 1.9955 1.99186 1.99194 1.99732 2.00481 2.01276 2.02109 2.02154 2.02153 2.01507 2.00447 1.98888 1.9742 1.9691 1.96203 1.96347 999999 999999 999999 999999 999999 999999 999999 999999 999999 999999 999999 999999 999999
1.98224 1.98299 1.98572 1.98608 1.98337 1.98205 1.98253 1.98005 1.98163 1.9787 1.9793 1.97624 1.97548 1.97547 1.97803 1.98411 1.99209 2.00184 2.01043 2.01999 2.02912 2.03831 2.04524 2.0497 2.04914 2.04331 2.02868 2.01467 1.99807 1.99023 1.99105 1.99445 2.00575 2.01194 2.02053 2.02053 2.01976 2.01339 2.00675 1.99997 1.99564 1.99576 2.00227 2.00943 2.01907 2.02615 2.02645 2.02624 2.0182 2.00942 1.99065 1.97594 1.96861 1.96185 1.9636 1.97782 1.99852 999999 999999 999999 999999 999999 999999 999999 999999 999999 999999 999999
1.9816 1.98211 1.98231 1.98383 1.98018 1.97894 1.97964 1.97799 1.97638 1.97891 1.97785 1.97885 1.97632 1.97743 1.98036 1.98606 1.99582 2.00417 2.01328 2.02257 2.03253 2.04076 2.04886 2.05198 2.05202 2.04343 2.03 2.01434 1.9978 1.98147 1.98885 1.98896 2.00509 2.01339 2.0251 2.02735 2.02538 2.02483 2.01485 2.01289 2.00674 2.00721 2.01637 2.02389 2.03767 2.04004 2.0419 2.0412 2.04096 2.02637 2.01443 1.9908 1.97626 1.97007 1.97417 1.99167 2.00078 2.00819 2.04108 999999 999999 999999 999999 999999 999999 999999 999999 999999
1.98053 1.98038 1.97985 1.9787 1.97274 1.97226 1.96966 1.97238 1.97157 1.97453 1.97836 1.97924 1.97993 1.97928 1.98168 1.98846 1.99515 2.00275 2.01562 2.02028 2.03633 2.04259 2.05421 2.05654 2.05609 2.04491 2.02629 2.00279 1.98657 1.97434 1.97475 1.97872 1.99979 2.00891 2.02469 2.03082 2.03402 2.03295 2.03212 2.02849 2.02783 2.02965 2.03743 2.04535 2.05483 2.05874 2.05981 2.05576 2.0504 2.03824 2.02406 2.00707 1.98897 1.98025 1.98666 1.99653 2.00783 2.03898 2.04556 2.04815 999999 999999 999999 999999 999999 999999 999999 999999
1.97307 1.97635 1.97526 1.97104 1.96763 1.9654 1.96328 1.96517 1.96972 1.97364 1.97712 1.98059 1.98161 1.98366 1.98693 1.99054 1.99781 2.00427 2.01361 2.02293 2.03394 2.04445 2.05232 2.05819 2.05799 2.04549 2.02643 1.9961 1.97878 1.96695 1.9695 1.96903 1.9916 2.00118 2.01901 2.01989 2.02355 2.0259 2.02332 2.02305 2.02111 2.01982 2.03016 2.03769 2.04694 2.06017 2.06358 2.06291 2.06146 2.05222 2.04643 2.02755 2.01956 1.99704 2.0039 2.0181 2.02964 2.04616 2.06143 2.05815 2.05725 2.04699 2.02396 999999 999999 999999 999999 999999
1.96847 1.96877 1.9691 1.97139 1.96786 1.96775 1.96587 1.96569 1.96924 1.97522 1.97735 1.98111 1.98154 1.98069 1.98348 1.98427 1.98976 1.99189 2.00203 2.00911 2.02449 2.03765 2.05481 2.05714 2.05922 2.04637 2.03103 1.99805 1.9765 1.9683 1.95651 1.96063 1.97228 1.98795 1.99479 2.00354 2.00532 2.00745 2.01094 2.01133 2.01003 2.01236 2.01734 2.02439 2.0418 2.0493 2.06305 2.0634 2.06436 2.05836 2.05324 2.04299 2.03509 2.02869 2.0314 2.034 2.05158 2.05847 2.06206 2.05974 2.05584 2.03747 2.01616 2.00023 999999 999999 999999 999999
1.96642 1.96694 1.96658 1.96529 1.97057 1.96943 1.97101 1.97146 1.97543 1.97655 1.98128 1.98042 1.98054 1.97849 1.97969 1.97923 1.98213 1.98651 1.99409 2.00652 2.02089 2.03637 2.0476 2.05639 2.0578 2.05152 2.03346 2.0093 1.98836 1.96785 1.9606 1.95297 1.97025 1.9743 1.98558 1.98469 1.99278 1.99089 1.9942 1.99656 1.98668 1.99305 1.98829 2.00375 2.01113 2.03644 2.04207 2.05548 2.05478 2.05921 2.05644 2.05166 2.04859 2.03736 2.04097 2.04543 2.04872 2.05915 2.06269 2.05914 2.04169 2.0225 2.01368 1.99628 1.97514 999999 999999 999999
1.96294 1.96237 1.96216 1.96539 1.96916 1.9723 1.97472 1.97703 1.98035 1.98693 1.98497 1.98698 1.98211 1.97803 1.97348 1.96921 1.97032 1.96638 1.977 1.98494 2.00574 2.02408 2.04206 2.05336 2.05562 2.05097 2.04205 2.02707 2.00502 1.97789 1.95817 1.95606 1.95446 1.96405 1.95965 1.9673 1.96231 1.96964 1.96962 1.97053 1.97212 1.97218 1.97389 1.98272 1.99757 2.01405 2.0294 2.03834 2.04603 2.04766 2.05481 2.05266 2.05332 2.05155 2.05015 2.04947 2.05291 2.0513 2.0524 2.0454 2.0345 2.01833 2.00732 1.97582 1.97036 1.96366 1.97534 999999
1.96276 1.96226 1.96229 1.96481 1.96993 1.97489 1.98021 1.9836 1.98797 1.99092 1.9912 1.98729 1.98269 1.97408 1.96805 1.96021 1.95787 1.95855 1.96614 1.98042 2.00017 2.01544 2.03797 2.04914 2.05363 2.05406 2.04128 2.03524 2.01734 1.99236 1.97469 1.95692 1.95953 1.95907 1.95596 1.95907 1.95587 1.95843 1.95885 1.96714 1.96469 1.96948 1.96702 1.97252 1.98074 1.99621 2.00282 2.01662 2.01716 2.03474 2.03599 2.05116 2.05088 2.0492 2.04988 2.04943 2.04837 2.04537 2.04342 2.03584 2.02684 2.00501 1.98972 1.97087 1.96165 1.96923 1.97706 1.98351
1.96297 1.96387 1.96431 1.96619 1.97109 1.97465 1.9801 1.98377 1.98865 1.99326 1.99517 1.99562 1.98901 1.98198 1.97013 1.95921 1.95086 1.94516 1.95134 1.95876 1.98054 2.0024 2.02598 2.04008 2.04895 2.04837 2.0452 2.03642 2.0291 1.99557 1.98839 1.97406 1.9654 1.96828 1.96039 1.96247 1.95544 1.9588 1.95652 1.96315 1.96477 1.96807 1.96985 1.97514 1.97417 1.98209 1.98059 1.98866 1.99801 2.00677 2.02881 2.03657 2.04855 2.04867 2.04751 2.0455 2.04229 2.03653 2.03064 2.02125 2.00664 1.99279 1.97138 1.96435 1.96021 1.97144 1.98153 2.00559
1.96594 1.96614 1.96691 1.97217 1.97361 1.97778 1.97997 1.98459 1.99055 1.99487 1.99637 1.99727 1.99009 1.98146 1.96819 1.95553 1.94668 1.94006 1.94453 1.94635 1.97545 1.98724 2.01706 2.02957 2.03947 2.04288 2.03715 2.03551 2.03298 2.02332 2.00598 2.0015 1.98079 1.97936 1.97214 1.97109 1.97183 1.96449 1.96331 1.96657 1.97372 1.97787 1.98177 1.98055 1.97948 1.97362 1.96855 1.96959 1.96863 1.99185 2.00251 2.03211 2.03754 2.04567 2.04636 2.04423 2.03998 2.03123 2.0244 2.01154 2.00264 1.98308 1.97377 1.95785 1.96085 1.97068 1.98992 2.01035
1.96702 1.97011 1.9705 1.97129 1.97486 1.97617 1.97759 1.98032 1.9844 1.98603 1.99237 1.9935 1.99465 1.98792 1.97731 1.96512 1.95179 1.94197 1.93789 1.94217 1.95604 1.97352 1.99618 2.01147 2.0285 2.03099 2.03677 2.03468 2.03243 2.02512 2.02316 2.01019 2.00857 1.9995 1.9962 1.9885 1.98756 1.97364 1.97859 1.97478 1.98545 1.98858 1.9958 1.99561 1.98335 1.97512 1.95753 1.9561 1.96102 1.97479 1.99989 2.01867 2.03617 2.0432 2.04296 2.03935 2.03247 2.02283 2.01183 2.00088 1.98724 1.9784 1.96561 1.96378 1.96764 1.97192 2.00225 2.01326
1.97031 1.97054 1.97092 1.97396 1.97424 1.97548 1.97676 1.97838 1.9792 1.98181 1.98704 1.99118 1.99035 1.98961 1.97721 1.96759 1.95381 1.94669 1.94034 1.93583 1.95131 1.95683 1.98431 1.99499 2.01271 2.0193 2.01999 2.02027 2.02567 2.02629 2.02646 2.0227 2.01578 2.01084 2.00501 1.99834 1.99328 1.98441 1.98236 1.98499 1.98926 2.00127 2.01169 2.00487 1.99936 1.97797 1.9666 1.95394 1.95727 1.97322 1.99301 2.02099 2.0346 2.04648 2.04415 2.04084 2.03253 2.01751 2.00645 1.98746 1.98168 1.96784 1.96712 1.9578 1.96268 1.97176 1.98891 2.0057
1.97062 1.97094 1.97093 1.97053 1.97078 1.97098 1.97038 1.97197 1.97107 1.96992 1.97611 1.97739 1.98512 1.98449 1.98481 1.97726 1.96656 1.95802 1.9457 1.94114 1.93951 1.94964 1.96432 1.97728 1.99537 2.00103 2.00855 2.01514 2.02379 2.02492 2.03012 2.02459 2.02589 2.01805 2.01393 2.00523 2.00261 1.98917 1.98789 1.98679 2.00122 2.0124 2.017 2.01496 1.99645 1.98112 1.96702 1.95936 1.9691 1.98161 2.0054 2.02476 2.03793 2.04587 2.04448 2.03532 2.02335 2.00806 1.99134 1.97876 1.96813 1.9635 1.95876 1.95697 1.96309 1.96606 1.9844 1.99072
1.98051 1.9788 1.97606 1.9691 1.96615 1.96561 1.96452 1.96456 1.96122 1.96226 1.96533 1.97079 1.97641 1.98353 1.98228 1.98585 1.9724 1.9701 1.95243 1.94355 1.94261 1.93916 1.95577 1.96238 1.9794 1.98518 1.99738 2.00059 2.01315 2.01698 2.02247 2.02151 2.02198 2.01601 2.00886 2.00253 1.99328 1.98616 1.9888 1.99589 2.00689 2.01615 2.02049 2.00935 1.99504 1.98036 1.96758 1.96475 1.9741 1.98914 2.01228 2.03027 2.04452 2.05138 2.04641 2.03911 2.02637 2.00908 1.99206 1.98062 1.97281 1.96982 1.96227 1.95765 1.95477 1.96097 1.97064 1.97957
1.98268 1.98199 1.97997 1.97215 1.96863 1.96428 1.96153 1.95883 1.95493 1.95206 1.95456 1.95595 1.96526 1.96964 1.97992 1.98294 1.98383 1.98046 1.96769 1.95679 1.94314 1.94086 1.9435 1.95379 1.96403 1.96951 1.98004 1.98181 1.98765 1.99797 2.00339 2.00719 2.00582 2.00429 1.99703 1.9911 1.98651 1.98297 1.98445 1.99526 2.00406 2.0172 2.00716 2.00359 1.98102 1.96853 1.97331 1.97504 1.99388 2.01067 2.02769 2.04303 2.04692 2.05017 2.04391 2.03554 2.02008 2.00955 1.99279 1.98438 1.9791 1.97861 1.96775 1.95923 1.95733 1.95936 1.96345 1.96914
2.00639 1.98944 1.98957 1.98619 1.97189 1.96842 1.95813 1.95416 1.95079 1.9461 1.94658 1.94876 1.95621 1.96176 1.97511 1.98453 1.98681 1.99275 1.97435 1.96597 1.9503 1.93934 1.94396 1.94589 1.95401 1.95956 1.96492 1.96903 1.97873 1.98466 1.99208 1.99666 1.99508 1.99444 1.98635 1.97898 1.97142 1.9749 1.9776 1.98277 2.00285 2.0093 2.00404 1.99443 1.97784 1.96943 1.97089 1.98127 1.99972 2.01527 2.03364 2.04467 2.05104 2.04918 2.0456 2.03861 2.02919 2.01783 2.00928 2.005 1.9957 1.9973 1.98023 1.96932 1.95808 1.96431 1.96519 1.97265
2.03374 2.01682 2.01598 2.00976 2.00629 1.98443 1.97991 1.97729 1.95851 1.95273 1.94292 1.94252 1.94567 1.95398 1.96684 1.97865 1.98986 1.99593 1.98972 1.97761 1.95952 1.94747 1.94072 1.94555 1.94932 1.9564 1.95814 1.96319 1.96368 1.97408 1.97448 1.98366 1.9859 1.99023 1.96908 1.97264 1.96073 1.96164 1.97499 1.9805 1.99657 2.0048 1.99386 1.98761 1.97559 1.96824 1.98319 1.99065 2.01435 2.0307 2.03966 2.04728 2.04837 2.04747 2.04232 2.04048 2.03159 2.02793 2.02225 2.01831 2.01501 2.00629 1.98951 1.97637 1.97211 1.96804 1.97389 1.97106
2.05907 2.04194 2.04474 2.04421 2.0291 2.01755 1.99433 1.98609 1.97399 1.95482 1.94877 1.94009 1.94487 1.94995 1.96494 1.97867 1.99149 2.0037 1.99186 1.99014 1.96445 1.95367 1.94798 1.94774 1.95121 1.95856 1.95807 1.96371 1.96526 1.97091 1.97412 1.97964 1.98011 1.98437 1.96965 1.96267 1.95725 1.95557 1.96018 1.97519 1.98167 1.99918 1.99575 1.9875 1.98078 1.97311 1.98534 1.99293 2.00874 2.02725 2.03584 2.04463 2.04478 2.04195 2.04238 2.03816 2.03883 2.03236 2.0312 2.02726 2.02209 2.00978 1.99931 1.98123 1.97792 1.97617 1.97703 1.97267
2.08228 2.08284 2.07317 2.07502 2.07609 2.04941 2.04557 2.034 2.00098 1.98598 1.95955 1.95047 1.94313 1.95279 1.96154 1.98238 1.99242 2.00837 2.00528 1.99981 1.98125 1.96861 1.95469 1.95795 1.95738 1.96786 1.96606 1.97442 1.97068 1.97981 1.9795 1.98371 1.98608 1.98666 1.97698 1.9642 1.95736 1.95405 1.95689 1.96768 1.97818 1.98972 1.99209 1.98845 1.98629 1.9815 1.98674 1.99176 2.00692 2.01693 2.0321 2.03591 2.04016 2.03943 2.03812 2.03827 2.03758 2.03457 2.03263 2.02585 2.01776 2.0084 1.99433 1.98456 1.97899 1.97348 1.9746 1.96797
2.07678 2.08728 2.10473 2.1001 2.10355 2.08947 2.07002 2.05438 2.02869 2.00661 1.97771 1.95927 1.9579 1.95814 1.97385 1.9896 2.00334 2.01898 2.01372 2.01494 1.99206 1.97969 1.97148 1.96719 1.97283 1.97698 1.98079 1.98606 1.98528 1.9889 1.98851 1.99193 1.99727 1.99937 1.98628 1.97884 1.96543 1.96243 1.96515 1.96481 1.97478 1.98897 1.99456 1.99293 1.98827 1.98138 1.97913 1.9823 1.9874 2.00713 2.01346 2.03038 2.03083 2.03147 2.03456 2.03116 2.03284 2.02726 2.0261 2.01491 2.01129 1.99656 1.99307 1.97662 1.97407 1.96809 1.96532 1.95419
2.07787 2.08166 2.10154 2.10681 2.12084 2.1096 2.10711 2.09758 2.06251 2.04265 2.00126 1.98302 1.96572 1.96874 1.9786 1.99948 2.01316 2.03372 2.03342 2.0333 2.01282 1.99613 1.98015 1.9797 1.98133 1.98877 1.98953 1.99857 1.99802 2.00526 2.00869 2.00736 2.00614 2.00374 2.00415 1.98445 1.98881 1.96885 1.97473 1.97265 1.97942 1.98955 1.99433 1.99657 1.98685 1.98209 1.97292 1.97306 1.98003 1.99077 2.00711 2.01865 2.02554 2.02637 2.02609 2.02504 2.02275 2.01821 2.01102 2.00499 1.99422 1.98834 1.97905 1.97234 1.96464 1.95857 1.95106 1.94829
2.07256 2.07484 2.08703 2.10622 2.11419 2.1245 2.11898 2.11033 2.09648 2.06343 2.03823 2.0057 1.99074 1.9848 1.99325 2.00901 2.02841 2.0431 2.05059 2.04806 2.03463 2.01483 2.00033 1.99139 1.98942 1.99343 2.00033 2.00489 2.01136 2.01274 2.01685 2.01611 2.01489 2.01185 2.0061 2.00276 1.99088 1.98566 1.97875 1.97677 1.98115 1.99015 1.99359 1.99711 1.99124 1.98387 1.97381 1.96906 1.97061 1.98136 1.99324 2.01488 2.01935 2.02468 2.02443 2.0228 2.02034 2.01469 2.00816 2.00137 1.99225 1.98556 1.97775 1.96971 1.96311 1.956 1.94944 1.94682
2.06958 2.07173 2.0767 2.09416 2.11138 2.11853 2.12479 2.11265 2.09833 2.07027 2.04161 2.01361 1.99504 1.98973 1.99752 2.01082 2.03286 2.04508 2.05412 2.05152 2.03641 2.0195 2.00248 1.99483 1.99061 1.99393 2.00165 2.00559 2.01261 2.01386 2.01863 2.01807 2.01608 2.01373 2.00692 2.0034 1.99171 1.98737 1.97999 1.97855 1.98289 1.99059 1.9925 1.99644 1.99106 1.98496 1.9741 1.96972 1.97154 1.9801 1.99214 2.00433 2.01654 2.02064 2.02371 2.01835 2.01993 2.01152 2.01088 2.00036 1.99755 1.98563 1.98217 1.96976 1.96581 1.95608 1.95333 1.94854
2.07096 2.07232 2.07613 2.09038 2.1099 2.11556 2.12386 2.11288 2.09784 2.07369 2.04283 2.02659 1.99756 2.00517 1.99833 2.02192 2.03216 2.04602 2.05254 2.04665 2.03609 2.02577 2.00439 2.00054 1.99038 1.99884 2.00179 2.01021 2.01214 2.01844 2.01844 2.02008 2.01564 2.0137 2.00687 2.00383 1.99161 1.98796 1.97973 1.98679 1.9831 1.98878 1.99136 1.99068 1.99116 1.98232 1.97464 1.97426 1.97215 1.98039 1.99167 2.00185 2.00785 2.01699 2.01788 2.01784 2.01756 2.01134 2.0096 2.00032 1.99546 1.98555 1.98082 1.96953 1.96541 1.95629 1.9536 1.94908
2.07305 2.07415 2.07654 2.08802 2.0983 2.1122 2.11177 2.10736 2.0954 2.07138 2.05224 2.02819 2.01554 2.00747 2.01188 2.02243 2.03243 2.04457 2.04964 2.04506 2.03916 2.02656 2.01563 2.00168 2.00125 1.99904 2.00228 2.01022 2.01226 2.0181 2.01855 2.01976 2.01938 2.01343 2.0113 2.00403 2.00048 1.98803 1.98678 1.98719 1.98866 1.98858 1.99477 1.98997 1.98822 1.98252 1.97787 1.97505 1.97459 1.98073 1.98987 2.00154 2.00657 2.01668 2.01726 2.01763 2.01759 2.01138 2.01009 2.00049 1.98746 1.98566 1.97241 1.96951 1.95939 1.95653 1.95088 1.94952
2.07462 2.0755 2.085 2.0881 2.09668 2.11152 2.11032 2.1063 2.09537 2.07078 2.05394 2.02893 2.01795 2.00853 2.01272 2.02248 2.03116 2.04352 2.04066 2.04401 2.03612 2.02696 2.02181 2.0022 2.00938 1.99907 2.00779 2.01015 2.0168 2.01782 2.02039 2.01946 2.01837 2.01319 2.01073 2.00409 2.00067 1.98793 1.99616 1.9873 1.99297 1.98837 1.98852 1.9896 1.98181 1.98268 1.98148 1.97551 1.98238 1.98091 1.99094 2.00143 2.00275 2.01657 2.01122 2.01756 2.00917 2.01148 2.0003 2.00069 1.98749 1.98579 1.97231 1.96956 1.95945 1.95673 1.95125 1.94982
2.07571 2.07639 2.0861 2.08826 2.091 2.11125 2.09605 2.10574 2.08072 2.0704 2.05537 2.02923 2.03654 2.00896 2.03183 2.02239 2.03663 2.04282 2.03916 2.04336 2.03575 2.02715 2.02255 2.00243 2.01011 1.99905 2.00783 2.01007 2.01668 2.01761 2.02003 2.01923 2.0181 2.01302 2.01069 2.0041 2.00079 1.99967 1.99651 1.9873 1.99301 1.98819 1.98818 1.98775 1.9815 1.98054 1.98199 1.98142 1.98291 1.98376 1.99101 1.99266 2.00238 2.00363 2.0109 2.01094 2.00899 2.00823 2.00028 1.99917 1.9875 1.98635 1.97223 1.97097 1.95949 1.95837 1.95148 1.9509
