data/geopressure/Event_pressure_on_112age.grd
DSAA
91 71
1000000 1090000
7230000 7300000
30.6296 76.0108
[rows 30 to 59 of 71, columns 0 to 67 of 91]
44.9728 45.0408 45.1183 45.1898 45.5089 45.4031 45.1235 45.4687 44.76 44.9349 43.7013 43.7062 43.8491 43.9426 45.1869 45.981 48.3257 49.7334 53.5652 54.912 58.2772 59.7436 61.8585 62.3735 61.7851 61.0233 58.2041 55.0881 52.2886 51.1747 49.7732 50.7451 51.1507 52.6662 52.8646 53.2235 51.8927 51.1066 48.8854 47.907 47.0308 47.0496 47.8594 49.5541 51.6926 52.5987 53.7258 53.0773 51.1669 49.6724 47.8025 999999 999999 999999 999999 999999 999999 999999 999999 999999 999999 999999 999999 999999 999999 999999 999999 999999
44.9369 45.0198 45.1269 45.2355 45.5582 45.4546 45.1752 45.467 44.781 44.8942 43.7592 43.6985 43.767 43.8588 45.0089 45.9583 48.2058 49.8565 53.4044 55.0031 58.1579 59.8777 61.9072 62.5502 62.0626 61.1362 58.4574 54.9484 52.2177 50.8607 49.0456 49.6462 51.8737 53.2832 54.9709 54.5199 54.3581 52.0976 50.8753 48.6389 47.9051 48.0559 49.4578 51.3914 53.3395 55.7942 55.8077 55.7595 54.2087 51.2632 47.7063 46.7806 42.8081 999999 999999 999999 999999 999999 999999 999999 999999 999999 999999 999999 999999 999999 999999 999999
43.9014 44.9544 45.0879 45.251 44.747 44.6238 44.8526 44.3354 44.8375 44.0475 44.3474 43.5476 43.5291 43.7635 44.4231 46.1445 47.9881 50.9332 53.0056 56.0304 58.2547 61.0391 62.6931 64.0799 63.9743 62.1427 58.8505 54.9579 51.2488 48.8165 48.8759 49.5556 51.8952 53.3595 55.0811 54.7322 54.4104 52.2958 50.8343 48.7559 47.8784 47.9841 49.4851 51.5147 53.6825 55.9207 56.0742 56.1404 54.4957 51.7687 47.7598 43.7834 42.3544 40.486 40.9698 999999 999999 999999 999999 999999 999999 999999 999999 999999 999999 999999 999999 999999
43.8467 44.0531 44.9169 45.1031 44.6486 44.5319 44.7483 44.2376 44.6947 44.0521 44.3319 43.6679 43.5769 43.6654 44.3975 46.0568 48.2068 50.8657 53.2547 55.9273 58.5101 61.0949 63.0523 64.3112 64.2064 62.6893 58.8583 55.1331 50.7409 48.5599 48.6046 49.3303 52.1029 53.5652 55.6284 55.4712 55.1061 53.3687 51.6369 49.9091 48.8671 48.9717 50.7895 52.7288 55.3588 57.265 57.3868 57.3845 55.3353 53.0805 48.2593 44.2747 42.2183 40.4959 40.9716 44.937 50.6583 999999 999999 999999 999999 999999 999999 999999 999999 999999 999999 999999
43.6595 43.8006 43.8982 44.4982 43.8498 43.7206 44.0076 43.6811 43.313 44.0559 43.9266 44.3017 43.7508 44.1345 44.9737 46.5285 49.146 51.4309 53.9612 56.5707 59.3808 61.7093 63.9776 64.8972 64.9505 62.7284 59.1988 55.1073 50.6867 46.2031 48.0679 47.9629 51.9778 54.0053 56.8002 57.2442 56.4846 56.2892 53.6868 53.2209 51.7367 51.9179 54.4641 56.5273 60.273 60.9677 61.517 61.38 61.3936 57.6286 54.6256 48.4733 44.3446 42.6769 43.8592 48.7412 51.317 53.3805 62.6143 999999 999999 999999 999999 999999 999999 999999 999999 999999
43.3663 43.3262 43.2259 43.099 41.797 41.9428 41.3546 42.0898 41.9005 42.7212 43.8905 44.2308 44.576 44.5039 45.2225 47.0304 48.8675 50.9304 54.5273 55.8559 60.3329 62.0673 65.3257 65.9874 65.9543 63.0619 58.2451 52.0774 47.5996 44.2658 44.1807 45.113 50.6328 52.8706 56.6968 58.115 58.7471 58.373 58.1409 57.2286 57.1577 57.7433 59.9411 62.1401 64.8047 65.9194 66.3291 65.3276 64.015 60.9058 57.2864 52.7133 47.9093 45.5608 47.3053 50.1261 53.3023 62.054 63.8445 64.5569 999999 999999 999999 999999 999999 999999 999999 999999
41.2509 42.2512 42.0038 41.0992 40.478 40.0689 39.59 40.1241 41.2917 42.3948 43.4506 44.5084 44.9252 45.5792 46.5048 47.5347 49.5123 51.3192 53.9249 56.5227 59.6006 62.5023 64.7129 66.2899 66.2737 63.0973 58.136 50.0789 45.449 42.1867 42.7073 42.4908 48.3084 50.8658 55.2232 55.2923 55.956 56.5044 55.8077 55.7587 55.3961 55.0911 58.0181 60.0597 62.6242 66.2846 67.3022 67.2833 67.0114 64.6816 63.2912 58.4434 56.4718 50.2829 52.1629 56.3507 59.496 64.0285 68.2232 67.1879 66.9163 64.03 57.5638 999999 999999 999999 999999 999999
40.0897 40.1643 40.283 41.0287 40.2934 40.5246 40.0433 40.0477 40.9362 42.4926 43.2712 44.4059 44.7424 44.6444 45.5002 45.7634 47.3164 47.9713 50.775 52.7764 56.9653 60.5259 65.1818 65.8354 66.4285 63.134 59.2102 50.4315 44.7169 42.4108 39.1137 40.1531 43.1996 47.3577 48.9543 51.0656 51.2952 51.7325 52.5875 52.7244 52.4274 53.1573 54.5456 56.5506 61.2684 63.4041 67.2354 67.4718 67.9396 66.4699 65.293 62.699 60.7496 59.1465 60.0032 60.7384 65.5416 67.4198 68.4018 67.654 66.5238 61.4012 55.4103 50.9685 999999 999999 999999 999999
39.3365 39.5658 39.4885 39.2899 40.8697 40.7007 41.1539 41.3002 42.2996 42.7069 44.1264 44.115 44.344 43.9952 44.4158 44.4153 45.2771 46.5359 48.6676 52.0256 55.9223 60.0682 63.1201 65.4273 65.7715 64.2104 59.5527 53.3006 47.7234 42.218 40.1603 38.049 42.7423 43.7423 46.5137 46.1124 48.096 47.4392 48.2307 48.9113 46.3997 48.0857 46.9208 51.0809 53.1381 59.9856 61.6407 65.3963 65.3996 66.7848 66.2399 65.1594 64.5214 61.6336 62.7298 64.0211 64.8574 67.7373 68.6257 67.6343 62.6236 57.2037 54.7125 49.8708 44.0098 999999 999999 999999
38.3903 38.2325 38.1921 39.128 40.2072 41.3048 41.8956 42.4516 43.257 44.9371 44.7281 45.412 44.4851 43.6043 42.6588 41.5462 41.9788 40.8608 43.8374 46.034 51.771 56.582 61.4089 64.3767 64.9932 63.8463 61.5989 57.8079 52.1015 44.7104 39.4157 38.8974 38.3746 40.875 39.6402 41.5044 40.0711 41.8401 41.9451 42.1702 42.6608 42.7064 43.2015 45.5985 49.6374 54.1334 58.3847 60.9476 63.2195 63.8671 66.0303 65.6376 66.0148 65.666 65.4136 65.2245 66.1428 65.6252 65.8655 63.8546 60.6962 56.0931 52.989 44.1959 42.7013 40.9271 44.1133 999999
38.2074 38.0665 38.0746 38.7996 40.3025 41.6964 43.0513 43.9189 44.9384 45.7511 46.0465 45.3126 44.3975 42.4007 40.9789 38.9803 38.3872 38.6218 40.7244 44.6495 49.9666 54.0968 60.1016 63.0113 64.329 64.4582 61.2645 59.6893 55.1137 48.38 43.5933 38.8703 39.5287 39.4636 38.5469 39.2711 38.2728 38.8815 38.9867 41.2424 40.6469 41.9609 41.3671 42.8946 45.1888 49.401 51.3289 55.0789 55.4524 60.5093 61.0975 65.3749 65.5212 65.3014 65.4909 65.4436 65.0419 64.1533 63.4876 61.3661 58.7916 52.6176 48.2089 42.9006 40.3487 42.4206 44.5968 46.3703
38.2514 38.3814 38.4959 39.0037 40.3848 41.5297 42.8462 43.7687 44.8804 46.0077 46.6893 46.993 45.6509 44.07 41.2418 38.3764 36.1885 34.2657 36.1307 38.2562 44.5323 50.3983 56.7331 60.3957 62.855 62.7061 62.0372 59.8929 57.8677 49.1286 47.0005 43.1474 40.9175 41.7114 39.4987 40.016 38.0355 38.8829 38.3439 40.1545 40.6227 41.5568 42.1084 43.5905 43.5015 45.7351 45.4147 47.6947 50.4605 53.0655 59.4025 61.6947 65.0992 65.2837 65.0324 64.4506 63.4864 61.8043 60.0822 57.3987 53.2945 49.3501 43.2695 41.1785 39.9785 43.0331 45.8259 52.5323
38.6886 38.7528 38.9696 40.5202 40.9276 42.0545 42.6446 43.7813 45.1459 46.249 46.8086 47.1981 45.6778 43.6547 40.3477 36.9702 34.3997 32.595 33.8913 34.4287 42.7409 46.2022 54.0931 57.4391 60.1384 61.0639 59.6332 59.2365 58.5553 55.7944 51.3076 49.9156 44.8398 44.3605 42.5397 42.0776 42.1672 40.2391 40.139 40.9214 42.8027 43.9105 44.9548 44.8361 44.6448 43.4135 42.08 42.4045 42.3678 49.089 52.2796 60.5852 62.2564 64.6233 64.8228 64.26 62.9855 60.4662 58.4811 54.9021 52.3401 46.8462 44.0747 39.4811 40.1853 42.9234 48.193 53.8444
38.9301 39.6718 39.7808 40.0076 41.159 41.5647 41.9217 42.5964 43.4957 43.889 45.5749 46.0072 46.5144 44.9931 42.4018 39.3067 35.6281 32.7207 31.7006 32.9125 37.0122 42.0311 48.442 52.5269 57.0884 57.7727 59.2981 58.8669 58.1059 56.1571 55.4184 52.0754 51.6364 49.3004 48.3827 46.2982 46.1021 42.5766 43.8294 43.0103 45.6214 46.4392 48.4431 48.5045 45.6114 43.5602 39.0554 38.8049 40.421 44.4591 51.7544 57.1126 62.0104 64.0098 63.9822 62.9659 60.9722 58.2401 55.1241 52.0219 48.1679 45.5881 41.8608 41.2014 42.1611 43.3223 51.6425 54.7269
39.4636 39.5283 39.6456 40.6119 40.7455 41.1823 41.5428 41.9432 42.0808 42.7553 44.1362 45.2652 45.2564 45.2207 42.1709 39.7412 35.8686 33.9513 32.0831 30.8051 35.6069 37.2764 44.9102 48.0813 52.8041 54.5974 54.7464 54.809 56.099 56.1581 56.1785 55.0716 53.2676 51.932 50.3946 48.6396 47.286 45.0558 44.6036 45.3419 46.5265 49.4758 52.1591 50.7444 49.4654 44.2874 41.3301 38.1686 39.2797 44.0206 49.7862 57.7407 61.5663 64.9312 64.339 63.4205 61.0775 56.8553 53.7466 48.4143 46.6924 42.6975 42.3652 39.5802 40.8487 43.3616 48.0864 52.7907
39.5002 39.4887 39.5035 39.4575 39.703 39.933 39.7766 40.1812 39.8917 39.5161 41.2119 41.6639 43.7671 43.7057 43.9362 41.9876 39.2773 36.8816 33.4735 32.3262 32.0373 34.9519 39.3161 43.1347 48.1682 49.7429 51.6935 53.4439 55.484 55.7439 56.7708 55.3137 55.4376 53.481 52.2844 50.1147 49.3617 46.0977 45.8114 45.743 49.2891 52.2448 53.4339 53.0979 48.7027 44.9256 41.5282 39.7946 42.7243 46.4236 53.1981 58.766 62.5086 64.7508 64.4071 61.9157 58.5615 54.2795 49.5838 45.9913 42.9188 41.4763 39.981 39.3166 41.0375 41.8704 46.9954 48.8109
41.3632 40.9984 40.4156 39.0169 38.4294 38.3662 38.0957 38.0975 37.1793 37.5132 38.3829 39.8998 41.416 43.3047 43.0988 43.9861 40.6955 40.1072 35.2297 32.9056 32.7558 31.8128 37.007 39.0423 43.7733 45.5004 48.7505 49.5895 52.706 53.6178 54.7772 54.4222 54.3804 52.8412 50.9802 49.3462 46.9871 45.2229 45.9294 47.7545 50.5756 52.9509 54.2772 51.6074 48.195 44.7988 41.7706 41.2497 44.0205 48.41 55.0161 60.1807 64.1667 66.1367 64.8764 62.869 59.4043 54.5847 49.8151 46.5635 44.2557 43.2573 41.0328 39.4705 38.623 40.3836 43.2712 45.838
41.8095 41.6488 41.1964 39.5044 38.6694 37.873 37.1086 36.4209 35.338 34.4027 35.2669 35.6881 38.3866 39.5899 42.3253 43.0778 43.4521 42.483 39.2567 36.3919 32.8808 32.3593 33.2437 36.3127 39.5637 41.226 44.1361 44.5805 46.0765 48.6626 49.9294 50.7796 50.3192 49.8979 47.9923 46.491 45.3102 44.4338 44.8064 47.5757 49.7951 53.2615 50.8237 50.1022 44.6958 41.7538 43.4078 44.2261 49.5365 54.3173 59.1496 63.5005 64.7626 65.7235 64.0789 61.8417 57.5892 54.7023 49.9797 47.5865 45.9531 45.6639 42.4302 39.862 39.3409 39.8308 41.2584 42.9761
47.1113 43.1627 43.174 42.3829 39.2566 38.462 36.0035 34.8297 33.8627 32.6411 32.8822 33.664 35.7704 37.4444 40.8287 43.2749 43.9668 45.4753 40.9385 38.9547 34.6152 31.7465 33.3391 34.0315 36.6535 38.4835 39.999 41.1679 43.6649 45.2242 47.0004 48.1174 47.6585 47.4274 45.3811 43.2546 41.3314 42.3699 43.0484 44.3553 49.5147 51.2004 49.9739 47.8072 43.8705 42.0291 42.7371 45.7712 50.9205 55.3876 60.5029 63.7758 65.6071 65.2048 64.376 62.4385 59.9553 56.7288 54.4367 53.0347 50.5032 50.7184 45.8384 42.5417 39.4375 41.0711 41.5117 43.7406
52.8937 49.3485 49.1226 47.7989 47.0563 42.0674 40.8736 40.1068 35.48 33.9017 31.601 31.5108 32.6272 35.0223 38.6278 41.6695 44.5237 46.0893 44.7376 41.7591 37.1322 33.9936 32.2155 33.8394 35.2371 37.4953 38.0998 39.5019 39.6819 42.4078 42.5195 44.8014 45.3576 46.3744 40.7795 41.5073 38.4539 38.6777 42.3804 43.7705 47.9886 50.0923 47.5536 46.1445 43.4217 41.7683 46.0309 48.2023 54.7836 59.3678 62.0211 64.2447 64.7361 64.5661 63.2308 62.775 60.3331 59.3139 57.6902 56.5307 55.5286 53.0433 48.1702 44.3881 43.1077 41.9255 43.8439 43.0993
58.6393 55.1726 55.8143 55.7506 52.2754 49.6285 44.051 42.0228 38.8654 34.1755 32.6762 30.6296 32.2654 33.7917 37.8385 41.5248 44.7747 47.8152 45.2338 44.9518 38.3954 35.6735 34.2301 34.3186 35.8128 37.9014 38.005 39.4816 40.0581 41.4772 42.3772 43.6989 43.7518 44.7188 40.6781 38.7599 37.4066 36.9477 38.2438 42.3933 44.1176 48.7011 48.0111 46.114 44.6708 42.9908 46.3872 48.6732 53.0086 58.1969 60.603 63.2766 63.393 62.6674 62.9705 61.7745 62.0511 60.149 59.8825 58.6485 57.2568 53.6953 50.8239 45.5157 44.5597 44.0631 44.4181 43.2563
63.9489 64.1894 62.3757 63.3583 63.7284 57.4055 56.4291 53.4304 45.2899 41.5995 35.2043 33.191 31.5864 34.404 36.8913 42.3012 44.8538 48.8252 48.3173 47.1789 42.7077 39.4008 36.0138 37.2207 37.29 40.2072 39.8895 42.0608 41.2522 43.5318 43.413 44.4823 44.9555 45.1882 42.3653 39.0814 37.1938 36.4989 37.3277 40.3549 43.2383 46.261 47.1119 46.3026 46.0692 45.0272 46.6688 48.1632 52.3669 55.1877 59.3972 60.5744 61.8876 61.7224 61.4266 61.5462 61.3184 60.471 59.9012 58.0101 55.7288 53.1082 49.1274 46.3478 44.7155 42.991 43.5011 41.6256
62.11 65.1149 69.902 69.4054 70.7129 67.5074 62.2082 58.3429 52.1022 46.5084 39.6252 35.3473 35.3055 35.6482 40.0248 43.9413 47.4267 51.3148 50.2513 50.7232 45.2829 42.3579 40.444 39.4956 41.3089 42.3352 43.4931 44.7554 44.7069 45.5386 45.5279 46.2904 47.4931 47.8924 44.4718 42.3225 39.0912 38.3637 39.5297 39.5057 42.1332 45.9138 47.4014 47.2583 46.1924 44.7277 44.2249 45.3382 46.7228 52.2664 53.9776 58.7506 58.8723 59.0447 60.1024 59.1447 59.7601 58.1378 57.9078 54.7533 53.8011 49.6412 48.6544 43.9717 43.2299 41.214 40.5244 37.3901
61.9457 63.0078 68.71 70.6975 74.8885 72.3053 71.7899 68.9755 60.1921 55.0754 45.2742 41.1877 37.2569 38.2488 41.068 46.188 49.6339 54.7456 54.9139 55.1257 50.3181 46.2533 42.5629 42.6702 43.2141 45.0458 45.4024 47.5558 47.5699 49.2487 50.0778 49.7672 49.4307 48.854 48.8226 43.7538 45.0121 39.9875 41.6738 41.3278 43.1057 45.7901 47.1448 47.8556 45.5506 44.5031 42.2598 42.4529 44.4691 47.4604 51.9703 55.1726 57.1182 57.35 57.3566 57.2065 56.6044 55.4616 53.4794 51.8694 48.8775 47.2363 44.5725 42.5495 40.2389 38.345 36.1944 35.4668
60.5381 61.1591 64.7142 70.2134 72.6935 76.0108 74.5661 72.073 68.4766 60.1526 54.1206 46.6046 43.2755 42.2198 44.4862 48.4202 53.2741 56.9554 58.9305 58.5258 55.4231 50.8307 47.3764 45.3618 44.9161 45.9917 47.6723 48.8763 50.464 50.8476 51.8559 51.708 51.3889 50.6505 49.2198 48.3608 45.4862 44.2041 42.6398 42.1931 43.3453 45.7527 46.67 47.7357 46.3097 44.6267 42.1036 41.0562 41.5947 44.6278 47.9075 53.9405 55.2078 56.8083 56.7996 56.5233 55.8707 54.4483 52.6456 50.8376 48.3022 46.4323 44.1932 41.7536 39.7731 37.5514 35.6604 34.9836
59.7513 60.335 61.6875 66.8414 71.7237 74.0959 75.9367 72.6112 68.9376 61.8513 54.9367 48.4796 44.3159 43.3458 45.5062 48.8246 54.3528 57.4276 59.8029 59.3377 55.8541 51.9288 47.8656 46.1391 45.164 46.0546 47.9437 48.9823 50.7172 51.0609 52.2477 52.1384 51.6411 51.0698 49.3931 48.5003 45.6838 44.6145 42.9328 42.6077 43.7678 45.8275 46.3759 47.5141 46.231 44.8398 42.1481 41.1627 41.824 44.2347 47.5914 50.9618 54.3776 55.598 56.5494 55.1057 55.7433 53.4206 53.393 50.4576 49.7708 46.3907 45.4567 41.7289 40.5399 37.5669 36.7217 35.3947
60.1397 60.5192 61.5541 65.8057 71.3118 73.2169 75.6316 72.6169 68.8495 62.7368 55.2811 51.6762 44.8863 46.9724 45.6893 51.6077 54.2041 57.6887 59.3955 58.137 55.7805 53.3867 48.3172 47.4111 45.1086 47.1355 47.9792 49.981 50.6036 52.0743 52.2053 52.5002 51.5326 50.9741 49.3882 48.6083 45.6672 44.7548 42.8704 44.6011 43.8217 45.2908 46.0924 45.9192 46.2584 43.9809 42.292 42.2487 41.9999 44.1978 47.4712 50.1807 51.876 54.5122 54.835 54.9621 54.9399 53.3625 52.9043 50.4402 49.1178 46.3613 45.0292 41.6458 40.4043 37.6361 36.8372 35.5814
60.7044 61.0122 61.6647 65.1036 68.2629 72.1148 72.0626 71.2173 67.9618 62.3598 57.8262 52.0849 49.2105 47.4994 48.7421 51.7412 54.2039 57.3381 58.6465 57.7422 56.4487 53.58 51.0114 47.6816 47.6389 47.1853 48.0135 49.9835 50.5191 51.9921 52.1024 52.4183 52.3421 50.9073 50.375 48.6616 47.7633 44.7693 44.4803 44.7001 45.1451 45.2455 46.8724 45.7418 45.3879 44.032 42.9276 42.4615 42.4338 44.2924 46.786 50.0983 51.5189 54.4338 54.6605 54.9051 54.9351 53.3713 53.0288 50.4867 46.799 46.3878 42.4296 41.6307 38.5617 37.7105 36.12 35.7267
61.126 61.3707 64.2837 65.1485 67.8291 71.9266 71.642 70.935 67.9375 62.2414 58.2701 52.2764 49.7814 47.7391 48.9072 51.7632 53.8883 57.0825 56.563 57.482 55.7014 53.6778 52.4545 47.8079 49.5292 47.1976 49.2604 49.9699 51.5153 51.9259 52.4369 52.3469 51.9896 50.853 50.2027 48.6831 47.8122 44.7435 46.8253 44.7273 46.2003 45.1962 45.2238 45.6501 43.6363 44.0733 43.8209 42.5894 44.4188 44.3453 47.0048 50.0703 50.4308 54.408 52.9451 54.8881 52.5536 53.3982 50.2733 50.5419 46.8002 46.4253 42.3875 41.6398 38.5776 37.7704 36.2422 35.8282
61.4155 61.6047 64.5994 65.202 66.1148 71.8546 67.7931 70.788 64.6417 62.1631 58.8226 52.3564 54.342 47.836 53.6341 51.7462 55.3056 56.9128 56.1997 57.3197 55.6073 53.7248 52.6344 47.8627 49.705 47.1955 49.2706 49.954 51.4864 51.8777 52.3479 52.2925 51.9218 50.813 50.1955 48.6904 47.8421 47.5791 46.9107 44.7262 46.2085 45.1542 45.1388 45.0431 43.5571 43.3268 43.9537 43.8369 44.5615 44.8165 47.0222 47.488 50.3308 50.6911 52.8574 52.8888 52.5029 52.3114 50.2647 49.9718 46.799 46.4831 42.3575 41.982 38.5868 38.2446 36.3215 36.1531
