data/geopressure/Event_023.00_pressure_on_112.00_age.grd
DSAA
91 71
1000000 1090000
7230000 7300000
26.0705 60.2473
[rows 30 to 59 of 71, columns 0 to 67 of 91]
38.7777 38.8408 38.9129 38.9794 39.1635 39.1286 38.6076 38.6953 37.6543 37.5715 36.0383 35.8612 35.8842 36.0464 37.2728 38.1936 40.4584 41.7403 45.2168 46.2434 48.9637 50.0824 51.5864 51.8821 51.084 50.37 47.7232 45.0234 42.3312 41.3207 39.6641 40.1747 40.25 41.2123 41.4377 41.7783 41.1424 40.7846 39.8362 39.418 39.7335 40.2758 41.9356 43.86 46.3412 47.3877 48.6778 48.0781 46.4651 45.1296 43.2188 999999 999999 999999 999999 999999 999999 999999 999999 999999 999999 999999 999999 999999 999999 999999 999999 999999
38.7445 38.822 38.9223 39.0237 39.2226 39.1766 38.6704 38.6866 37.6885 37.5219 36.1024 35.8409 35.7909 35.9484 37.0884 38.1745 40.36 41.8791 45.0986 46.3346 48.8798 50.189 51.6363 52.0162 51.3269 50.4553 47.9492 44.899 42.2939 41.0505 39.1954 39.2321 40.5813 41.5293 42.6869 42.5697 42.6624 41.4847 40.9345 39.9188 39.9536 41.0339 42.9623 45.4504 47.6713 50.1826 50.3333 50.3413 48.9166 46.2908 43.1507 42.3045 38.5967 999999 999999 999999 999999 999999 999999 999999 999999 999999 999999 999999 999999 999999 999999 999999
37.8601 38.7625 38.8895 39.0439 38.7515 38.4859 38.5648 37.7823 37.8493 36.7439 36.6711 35.6254 35.5071 35.7226 36.5675 38.3976 40.2671 43.1221 44.8318 47.3521 49.0261 51.1143 52.3 53.2144 52.9685 51.2091 48.3342 44.8606 41.6412 39.2935 39.0563 39.1775 40.5898 41.5562 42.7458 42.6998 42.71 41.6012 40.9092 39.954 39.9338 40.9106 42.9997 45.5203 47.9879 50.293 50.5758 50.6482 49.1331 46.7067 43.1757 39.5086 38.1874 36.4019 36.3535 999999 999999 999999 999999 999999 999999 999999 999999 999999 999999 999999 999999 999999
37.8044 37.9872 38.7367 38.9211 38.6723 38.4479 38.4933 37.7326 37.7171 36.7786 36.6477 35.7442 35.5329 35.6091 36.5439 38.3276 40.5162 43.0921 45.075 47.2838 49.2298 51.1769 52.5828 53.4105 53.1373 51.6781 48.3301 45.0211 41.2063 39.1278 38.8271 39.0302 40.7029 41.6514 43.0757 43.1383 43.1632 42.2616 41.4471 40.6594 40.6463 41.496 44.0232 46.3588 49.3518 51.3263 51.6186 51.6138 49.7287 47.7153 43.4622 39.8154 37.9403 35.9561 36.267 39.1913 44.1122 999999 999999 999999 999999 999999 999999 999999 999999 999999 999999 999999
37.6309 37.7487 37.8431 38.3835 38.0104 37.8224 37.9118 37.3513 36.619 36.8342 36.3392 36.4116 35.702 36.128 37.1358 38.8205 41.5313 43.6012 45.788 47.8234 49.9702 51.6712 53.3178 53.8728 53.7241 51.7003 48.5829 45.0051 41.1532 37.4035 38.3963 38.0434 40.5888 41.7778 43.7211 44.109 43.9924 44.0255 42.754 42.6885 42.6322 43.2536 46.7592 48.9668 53.1685 54.0305 54.7332 54.6042 54.3407 51.1351 48.2891 43.075 39.2453 37.5169 38.2692 42.4273 44.671 46.4453 54.8094 999999 999999 999999 999999 999999 999999 999999 999999 999999
37.3694 37.3192 37.2329 37.1791 36.2178 36.37 35.7696 36.0046 35.492 35.7387 36.4672 36.4131 36.6285 36.7445 37.6173 39.9421 41.6025 43.6728 46.3543 47.35 50.6298 51.9468 54.2061 54.5986 54.436 51.8248 47.7219 42.3495 38.6581 35.8089 35.3995 35.8505 39.4703 40.8645 43.4867 44.5541 45.2142 45.2788 45.5521 45.4964 46.1959 47.5841 50.3349 53.0393 56.0054 57.4118 58.0408 57.2428 56.0542 53.2385 50.0092 45.9616 41.7422 39.6455 40.9682 43.5083 46.2988 53.8594 55.8814 56.616 999999 999999 999999 999999 999999 999999 999999 999999
35.5654 36.4012 36.1952 35.513 35.0036 34.6758 33.9912 34.1671 34.706 35.4447 35.9847 36.9327 37.3193 38.2121 39.5021 40.6896 42.6509 44.0681 46.0537 47.8379 50.0987 52.1463 53.6843 54.7694 54.584 51.5319 47.2494 40.5878 36.6838 34.2642 34.2016 33.9579 37.6923 39.4428 42.3983 42.4803 43.2698 43.7845 43.9233 44.0906 44.9046 44.8988 48.6543 50.6186 53.1964 57.1945 58.1051 58.485 57.9796 56.0346 54.574 50.4486 48.5021 43.3607 44.7719 48.3584 51.3701 55.5195 59.5399 59.3472 59.6632 57.3973 52.252 999999 999999 999999 999999 999999
34.5964 34.6622 34.7745 35.3822 34.7507 34.9363 34.2439 33.9574 34.3604 35.3636 35.9922 36.8905 37.384 37.8039 38.9501 39.873 41.1478 41.7191 43.648 45.0184 48.1278 50.9134 54.1723 54.5074 54.4786 51.4494 47.8511 40.5428 36.1464 34.3582 31.7376 32.3527 34.2342 37.0703 38.0901 39.5843 39.91 40.5034 41.3902 42.0004 42.0881 43.3453 44.8564 47.1515 51.5986 53.8465 57.5126 57.8393 58.2523 56.9063 55.7617 53.4302 51.8083 50.3981 51.1528 52.0152 56.4663 58.6037 59.7632 60.1583 59.4345 55.4543 50.6292 46.7727 999999 999999 999999 999999
33.9016 34.1441 34.0917 33.921 35.1021 34.7676 34.8426 34.703 35.3002 35.6045 36.8108 37.0167 37.5403 37.6907 38.6558 38.9289 39.7181 40.6111 41.9978 44.5337 47.4634 50.6004 52.731 54.4205 54.2594 52.1395 48.0771 42.7053 38.4686 34.261 32.6065 31.2257 34.1161 34.8519 36.511 36.3272 37.7387 37.4422 38.4477 39.0729 37.3949 39.1074 38.4086 42.1629 44.1698 50.5367 52.0894 55.7564 55.5952 56.8679 56.1324 55.2417 54.617 52.3715 53.3522 54.625 55.6664 58.6495 60.0799 59.8349 56.4166 52.1465 50.043 45.8288 40.6248 999999 999999 999999
33.1197 32.9931 32.9658 33.7885 34.5623 35.1982 35.418 35.552 36.0308 37.2631 37.2451 37.7533 37.4341 37.2086 37.0288 36.6356 37.1053 36.0079 38.2651 40.0721 44.6531 48.7349 52.1216 54.224 53.7415 52.1771 49.6209 46.2649 41.7458 36.0957 32.5355 32.0562 31.8892 33.4342 32.3831 33.5922 32.5204 33.8239 34.0008 34.3149 34.8268 35.0488 35.4277 37.6279 41.0325 45.1569 49.0095 51.3939 53.3778 53.8875 55.649 55.2748 55.704 55.5446 55.584 55.7329 56.8881 56.9237 57.8955 56.7663 54.7357 51.1354 48.5166 40.8319 39.455 37.4516 39.8368 999999
32.9217 32.7991 32.7999 33.3454 34.4299 35.3575 36.0958 36.6105 37.2106 37.8124 38.1227 37.6978 37.3646 36.1952 35.6036 34.4012 33.9741 34.3641 35.9659 39.3596 43.7804 47.3365 51.6402 53.5502 53.5991 52.8796 49.5781 47.8208 44.2184 39.183 35.7988 32.755 33.1218 33.13 32.0629 32.758 31.6227 32.0635 32.3394 33.7751 33.6154 34.7548 34.3783 35.4822 37.5019 41.0722 42.8985 46.2698 46.5614 50.9375 51.2897 54.9557 55.1121 55.1371 55.5146 55.8357 55.8302 55.6435 55.5719 54.5082 52.7082 47.7852 44.2471 39.6429 37.0449 38.4717 40.1909 41.6055
32.945 32.7496 32.85 33.2483 34.1836 34.9668 35.71 36.0898 36.7772 37.4107 38.1835 38.345 37.7468 36.8012 35.2016 33.3535 32.0337 30.5375 32.3848 34.2788 39.6477 44.7161 49.6055 51.8907 52.9462 51.6961 50.365 48.0422 46.3276 39.7705 38.594 36.0195 34.7875 35.3234 34.1067 34.2315 32.6239 32.9573 32.1216 33.3325 33.8861 34.6971 35.3142 36.5085 36.3129 38.1639 37.8271 39.8314 42.1678 44.3972 49.8148 51.7994 54.8125 55.1721 55.2796 55.1334 54.7723 53.7423 52.8607 50.9394 47.8969 44.7141 39.6424 37.7973 36.5299 38.8813 41.0997 46.3129
32.5014 32.5809 32.7759 33.8973 34.1224 34.8076 34.9716 35.5836 36.3531 37.2107 37.6597 38.1848 37.2702 36.1311 34.0839 31.9632 30.2555 29.2492 30.5774 31.2752 38.5012 41.5131 47.3708 49.6415 50.5594 50.4399 48.5142 47.5264 46.8977 44.7787 41.8444 41.4273 37.7487 38.0855 36.5234 36.6138 36.7252 34.7267 33.9088 34.1175 35.7205 36.8271 37.8782 37.7911 37.5716 36.437 35.3339 35.5455 35.5424 41.0779 43.8193 50.8259 52.3493 54.5721 55.0216 54.947 54.2829 52.6455 51.2656 48.625 46.7057 42.0711 39.9051 35.6584 36.1935 37.9781 42.569 47.314
32.5644 32.6824 32.7631 32.9181 33.7219 33.9918 33.7436 34.1838 34.5485 34.7618 36.3002 37.0061 37.7065 37.2537 35.5092 33.6531 31.0105 29.0387 28.5477 29.9491 33.6613 37.9928 43.017 45.5427 48.301 47.6487 48.2768 47.3104 46.4619 45.0817 45.1563 43.0794 43.7078 42.3348 42.2353 40.7342 40.4664 36.7333 37.4376 35.9426 38.2365 38.9897 40.9687 41.1471 38.7475 36.9506 33.1157 32.8585 34.05 37.4488 43.4008 48.0104 52.2311 54.1387 54.4567 53.947 52.7459 50.739 48.4209 45.8955 42.7686 40.5002 37.2904 36.5491 37.0233 37.9175 45.0047 47.9037
31.7252 31.771 31.8518 32.4761 32.5782 32.8456 32.9657 33.0581 33.0023 33.7625 35.1589 36.5945 37.0992 37.5408 35.6609 33.9599 31.347 29.9338 28.8559 28.0911 32.3918 34.0285 39.72 42.01 44.3874 45.3872 44.8392 44.7011 45.2123 45.5532 45.7841 45.938 45.231 45.1389 44.2411 43.0562 41.8198 39.5673 38.0387 38.199 39.0422 41.7435 44.348 43.2487 42.3141 37.8525 35.4892 32.6375 33.5783 37.1947 42.0051 48.5201 51.8401 54.8235 54.6073 54.2428 52.605 49.441 47.0247 42.5711 41.1482 37.5386 37.0947 34.2459 35.3605 37.3162 41.8299 46.1744
31.6103 31.233 31.2768 31.2724 31.5554 31.7401 31.3554 31.6999 31.3476 31.1446 32.7871 33.4837 35.7889 36.2694 36.9553 35.6786 33.7656 32.1093 29.7825 29.2116 29.3017 32.0691 35.3615 37.93 41.194 41.8584 42.7945 43.8096 45.1923 45.4551 47.4316 46.9414 48.2925 47.35 46.5022 44.8339 43.9593 40.1983 39.6961 38.6572 41.752 44.3998 45.6317 45.4735 41.8644 38.7564 35.9008 34.3806 36.6355 39.5303 44.9365 49.5095 52.6935 54.7182 54.7785 52.9387 50.4799 47.0757 43.2602 40.1747 37.4387 35.945 34.2983 33.5103 34.9697 35.9544 40.8047 42.718
32.4543 32.1702 31.7269 30.6714 30.3711 30.1955 30.0121 30.0289 29.3449 29.6251 30.7004 32.0814 33.9309 35.8504 36.0089 37.0111 34.6852 34.5548 31.1252 29.6057 29.9338 29.3722 33.3414 34.9038 37.9351 39.2349 40.9536 41.4666 43.6675 44.7099 46.4543 47.1722 48.0738 47.3683 46.1324 44.3559 41.9973 40.19 40.2034 41.4769 43.5148 45.6939 46.8051 44.4241 41.6435 38.5809 36.0658 35.5485 37.734 41.1469 46.4818 50.557 53.9385 55.6076 54.8459 53.3584 50.8222 46.8561 43.0779 40.376 38.3944 37.1105 34.9004 33.2167 32.7726 34.667 37.5514 40.2507
32.7726 32.6184 32.2293 31.0857 30.4546 29.9268 29.4245 29.0452 28.2667 27.9024 28.3003 29.051 31.1701 32.5554 34.9555 35.8225 36.5763 36.274 34.21 32.3817 29.8591 29.709 30.5004 32.7552 35.2542 36.5082 38.3445 38.6159 40.2162 42.0762 44.3459 45.5863 45.7795 45.786 43.7359 42.2253 40.6449 39.5819 39.8576 41.5818 43.833 46.4473 44.4156 43.5459 38.6595 36.0925 37.2165 37.7692 42.0743 45.8867 49.7671 53.2588 54.2954 55.0812 53.8885 52.1903 48.8497 46.6686 42.8178 40.8864 39.2533 38.8215 35.7891 33.4125 33.4887 34.1204 36.0108 37.5745
37.0229 33.8744 33.8739 33.2881 31.028 30.5999 28.8691 28.2565 27.7069 26.8931 27.0196 27.5077 29.3814 30.6528 33.7476 35.7157 36.9363 38.5663 35.5585 34.3498 31.1937 29.0812 30.4985 31.1795 33.3226 34.9267 35.8975 36.7602 38.8644 40.2611 42.7509 44.0611 44.2397 43.9939 41.8459 39.5562 37.6143 37.974 38.5015 39.6952 44.06 45.4506 44.0946 41.7965 38.2522 36.1342 36.4278 38.7212 42.7801 46.4511 50.4266 53.1193 54.5053 54.001 53.5908 52.0125 50.2555 47.6049 46.1016 44.9153 42.916 42.6933 38.5752 35.5188 33.3105 35.0614 35.8303 37.8532
41.2806 38.8261 38.6606 37.9922 37.7053 33.5979 32.9156 32.6724 29.2793 28.2603 26.491 26.5114 27.1881 29.1858 31.8993 34.3709 36.9907 38.8799 38.3717 36.4797 33.0553 30.7808 29.5578 30.9745 32.3404 34.3314 34.8986 35.8929 36.701 38.7713 39.7473 41.8815 42.4435 43.1832 38.0518 38.0466 35.1932 34.992 38.3307 39.3669 43.0907 44.7135 42.2462 40.7766 37.7171 35.9616 38.7669 40.3763 45.4981 49.1627 51.2794 53.0095 53.3588 53.0756 52.0674 51.8691 49.9773 49.3589 48.2242 47.4019 46.5864 44.3707 40.1404 36.9013 36.2566 35.4469 37.4009 36.9786
45.6581 43.8524 44.4462 44.6775 42.1758 40.2878 35.7108 34.3661 32.2755 28.7755 27.6713 26.0705 27.2228 28.2058 31.3818 34.098 37.3401 40.0883 38.7068 38.9828 33.9995 32.0611 31.1569 31.4002 32.9039 34.7187 34.981 36.1044 36.9546 38.0309 39.5806 40.6484 40.657 41.134 37.3284 35.3674 34.2687 33.6996 34.8606 38.4214 39.9957 43.8607 43.0833 40.8698 39.119 36.7462 38.9776 40.2599 43.5207 47.9265 49.6679 51.9345 51.7806 51.0566 51.3678 50.4768 51.0036 49.5762 49.6222 48.7699 47.7018 44.3452 42.036 37.491 36.9375 36.826 37.502 36.7134
50.2341 50.5761 49.7463 51.0461 51.7197 46.5729 45.8243 43.4452 37.1244 34.3149 29.5671 27.912 26.7333 28.5971 30.4861 34.5933 36.9769 40.707 40.9646 40.6955 37.44 35.0976 32.5124 33.7198 33.9644 36.4759 36.3652 37.9387 37.4865 39.2541 39.3003 40.4576 40.463 41.1432 38.3476 35.4944 33.7758 33.3302 34.1586 36.7644 39.3594 41.9099 42.3388 41.2859 40.0171 38.5235 38.765 39.5318 42.6198 44.9027 48.408 49.2985 50.263 50.0379 49.8271 50.0234 50.096 49.6892 49.3202 47.7811 45.8502 43.5165 40.1947 37.9107 36.7873 35.8562 36.4324 35.4209
47.8497 51.1437 55.5253 55.8035 57.3889 54.8527 50.4915 47.2259 42.3988 37.8772 32.7344 29.3184 29.259 29.335 32.6288 35.7446 38.9642 42.6731 42.5575 43.5612 39.5682 37.444 36.1661 35.5238 37.1521 37.9954 38.9561 39.7475 39.7692 40.2562 40.4955 41.0609 41.7669 41.8912 39.2655 37.4312 35.2838 35.0924 36.2143 36.0917 38.4598 41.7186 42.7678 42.0875 40.4523 37.9706 36.6418 36.8524 37.6483 42.4463 43.8822 47.9501 47.9185 48.2062 48.881 48.1967 48.6328 47.7321 47.637 44.9883 43.9665 40.212 39.4188 35.5572 35.3274 34.4151 34.2666 32.4103
47.0864 48.1222 53.6048 56.1522 59.9403 58.1443 57.6269 55.1129 48.4701 44.198 36.6968 33.2727 30.3381 30.814 33.0745 37.1926 40.4627 45.2834 46.3417 47.3151 43.6352 40.6217 37.7336 38.016 38.6075 40.0827 40.2421 41.6121 41.4726 42.5627 43.0018 43.0207 42.4249 42.2609 42.1069 38.4932 40.0029 36.5431 38.1003 37.888 39.2743 41.6147 42.3635 42.666 39.397 37.6827 34.6138 34.1353 35.8643 38.3524 42.4545 45.2701 46.8005 47.0207 46.986 46.775 46.4836 45.4183 43.8657 42.3772 39.6227 38.0291 35.78 34.5244 33.138 32.3909 31.3059 31.1704
45.6999 46.2581 49.5721 54.583 56.9565 60.2473 59.0644 57.0559 54.3951 47.8569 43.071 37.162 34.3807 33.4616 35.4322 38.6909 43.3152 47.0218 49.4396 49.8664 47.7132 44.2517 41.5696 40.0965 39.7694 40.6791 41.7772 42.4929 43.4387 43.5437 44.1397 44.056 43.6582 43.1379 42.2753 42.0998 40.4031 39.8273 39.0055 38.6185 39.6284 41.7058 42.1248 42.6881 40.5081 38.0953 34.9262 33.2392 33.4715 36.0252 39.1204 44.5011 45.548 46.7027 46.6926 46.3352 45.9336 44.5895 43.1886 41.488 39.1288 37.3291 35.4313 33.9679 32.7882 31.9057 30.9526 30.921
44.6858 45.1693 46.2849 51.1765 55.4199 57.8328 59.7591 57.2584 54.6323 49.0721 43.597 38.5246 35.0555 34.2349 36.1638 38.9488 44.2418 47.3546 50.2239 50.4657 48.0816 45.1153 41.9622 40.7009 39.9394 40.6924 41.9451 42.5679 43.6023 43.7038 44.4025 44.3372 43.7915 43.3947 42.4057 42.2163 40.5458 40.1188 39.2383 38.9673 40.0233 41.8063 41.823 42.5246 40.4021 38.3886 35.0253 33.453 33.7291 35.7045 38.8223 41.7744 44.9539 45.8619 46.4682 45.3937 45.7528 43.8511 43.7009 41.0948 40.4384 37.5209 36.5431 34.0168 33.3024 31.6563 31.5389 30.9992
44.9837 45.2791 46.1407 50.2045 55.0254 56.9587 59.4862 57.1385 54.5187 49.7044 43.8601 40.7894 35.4997 37.2021 36.3548 41.6435 44.1456 47.7026 49.8269 49.3721 47.9957 46.3374 42.3451 41.6342 39.8663 41.2637 41.9639 43.2441 43.545 44.393 44.367 44.3448 43.7083 43.4832 42.4535 42.3352 40.5128 40.1595 39.1494 40.6945 40.0761 41.0538 41.557 40.5885 40.4363 37.4886 35.2161 34.7451 33.9131 35.8557 38.6851 41.3258 42.787 45.0504 45.1806 45.2973 45.3365 43.8027 43.47 41.0489 39.8507 37.543 36.3542 34.0109 33.1578 31.7011 31.4313 31.0886
45.4576 45.6996 46.244 49.2269 52.2157 55.8872 55.975 55.8441 53.2921 49.148 45.626 41.1108 38.815 37.6531 38.6273 41.8054 43.9953 47.4031 48.9665 49.005 48.2703 46.5009 44.4883 41.8482 41.8752 41.2704 41.8832 43.2559 43.5241 44.3392 44.3222 44.2724 44.271 43.475 43.1225 42.4035 42.0513 40.1219 39.9964 40.7591 41.1477 41.0017 42.3872 40.3996 39.7099 37.5526 36.044 34.9827 34.6418 35.9367 38.1822 41.2386 42.4548 44.9675 45.0336 45.2555 45.349 43.8059 43.5817 41.0698 37.9381 37.5943 34.8036 34.0347 32.2322 31.749 31.0468 31.1636
45.8196 46.015 48.5422 49.2843 51.8471 55.7519 55.5938 55.6087 53.2235 49.0408 45.959 41.2679 39.2783 37.8697 38.7625 41.8563 43.7124 47.1817 47.3962 48.7637 47.7033 46.5844 45.6127 41.948 43.101 41.2632 42.6284 43.2541 44.1286 44.2962 44.4076 44.2141 44.1497 43.4619 43.3737 42.4369 42.0755 40.0729 42 40.7696 41.7979 40.951 40.1812 40.304 37.6089 37.6036 36.8804 35.1243 36.6415 35.979 38.5811 41.2027 41.5445 44.9328 43.9101 45.2404 43.3379 43.8239 41.0686 41.1062 37.9442 37.6429 34.8235 34.0625 32.2659 31.7875 31.1147 31.2183
46.0721 46.2246 48.8282 49.3459 50.246 55.7131 52.2851 55.4919 50.3992 48.9742 46.1251 41.3376 42.9512 37.9649 43.1208 41.8619 45.4124 47.0334 47.0739 48.6136 47.6071 46.6251 45.7556 41.9913 43.227 41.2531 42.6268 43.2483 44.1127 44.265 44.3409 44.1715 44.1172 43.4495 43.3979 42.4527 42.0903 41.9769 42.0413 40.7604 41.7832 40.9097 40.0826 39.8801 37.5314 37.1924 37.0273 36.8313 36.7913 36.9869 38.5944 39.0243 41.4417 41.7522 43.8391 43.8577 43.2927 43.1095 41.0563 40.7727 37.9464 37.6687 34.835 34.5693 32.2874 32.1111 31.1592 31.1103
