data/geopressure/Event_065.00_pressure_on_112.00_age.grd
DSAA
91 71
1000000 1090000
7230000 7300000
25.0007 57.0718
[rows 30 to 59 of 71, columns 0 to 67 of 91]
30.8913 30.9614 31.0578 31.1653 31.482 31.6394 31.2489 31.1473 30.2314 30.2127 29.2693 29.5134 30.1607 30.6447 32.8103 33.8984 36.7949 38.2116 42.1046 43.2771 46.5056 47.6898 49.4171 49.7311 48.6364 47.7319 44.4426 41.2187 37.9851 36.7882 34.9748 35.8299 35.8146 37.2054 37.0594 37.252 36.0684 35.1856 33.4432 32.5322 31.603 31.5048 31.9735 33.3298 34.8015 35.5777 36.3054 35.8679 35.4264 34.5919 33.8813 999999 999999 999999 999999 999999 999999 999999 999999 999999 999999 999999 999999 999999 999999 999999 999999 999999
30.8271 30.9035 31.0332 31.1997 31.5509 31.7223 31.3368 31.1446 30.2364 30.1318 29.2536 29.475 30.056 30.6142 32.6267 33.9114 36.6668 38.3451 41.9606 43.3859 46.4111 47.8226 49.4866 49.8906 48.9327 47.8258 44.7108 41.0598 37.9295 36.4589 34.3851 34.6445 36.7247 37.7609 39.2427 38.5086 38.0753 36.1056 34.7713 33.2017 32.449 32.459 33.507 34.5695 36.2097 37.8779 38.0496 38.33 37.2626 36.1291 33.8017 33.3654 31.6412 999999 999999 999999 999999 999999 999999 999999 999999 999999 999999 999999 999999 999999 999999 999999
29.9142 30.7899 30.9465 31.2144 31.299 31.4683 31.5288 30.4356 30.3385 29.3613 29.6502 29.3308 29.889 31.0384 32.2249 34.5245 36.573 39.717 41.65 44.6592 46.4854 48.9698 50.2219 51.1823 50.8184 48.5825 45.1115 40.8619 37.0272 34.2819 34.207 34.5705 36.7374 37.8568 39.3449 38.7211 38.1153 36.2259 34.711 33.2702 32.4595 32.4736 33.5525 34.6707 36.4134 37.9689 38.2791 38.6496 37.5442 36.3821 33.8195 32.0418 31.4287 30.5684 31.4669 999999 999999 999999 999999 999999 999999 999999 999999 999999 999999 999999 999999 999999
29.8405 29.9653 30.7309 31.1152 31.3056 31.4545 31.4777 30.4596 30.2413 29.3469 29.5984 29.4238 30.0157 30.9637 32.3008 34.467 36.8512 39.6975 41.9469 44.5916 46.7302 49.0189 50.5122 51.3883 50.9782 49.1059 45.0598 41.0276 36.4831 34.04 33.9234 34.382 36.948 38.1217 39.9066 39.5041 38.7983 37.1996 35.3911 34.168 33.1833 33.2059 34.5245 35.6774 37.8295 39.1929 39.5141 39.7724 38.3752 37.3845 34.2556 32.3603 31.4245 31.1264 31.5561 34.6884 40.2483 999999 999999 999999 999999 999999 999999 999999 999999 999999 999999 999999
29.6937 29.7696 29.9096 30.647 30.7926 30.9337 31.0039 30.2197 29.4189 29.6943 29.5592 30.2577 30.6802 31.7098 33.2245 35.1881 38.0678 40.3833 42.9492 45.1632 47.6579 49.4426 51.2728 51.7721 51.4689 49.0021 45.1805 40.9354 36.2981 32.6033 33.3464 33.1795 36.863 38.7505 41.1265 41.4345 40.2149 39.7967 37.2134 36.6977 35.434 35.5011 37.2621 38.9809 41.8971 42.6495 43.4265 43.5704 44.0501 41.152 39.2722 35.1885 33.4753 32.8068 33.9949 38.498 40.7075 42.6091 51.0214 999999 999999 999999 999999 999999 999999 999999 999999 999999
29.5041 29.4634 29.4567 29.7402 29.4377 30.0781 29.5391 29.8245 29.3796 29.6279 30.2725 31.1764 31.6896 32.6375 33.805 36.4226 38.3667 41.0209 44.2218 45.4268 48.8015 50.2295 52.4431 52.8768 52.4167 49.1718 44.0892 37.6738 34.1869 31.139 31.0435 31.578 35.7232 37.7597 41.2923 42.3975 42.6516 41.8868 41.2243 39.9735 39.5676 39.8401 41.6749 43.6342 46.1867 47.3718 48.1558 47.6056 47.0054 44.823 42.1979 39.4181 35.9918 34.733 36.7173 39.5018 42.349 50.2695 52.2449 52.9973 999999 999999 999999 999999 999999 999999 999999 999999
28.1285 28.839 28.7773 28.5989 28.8106 28.7986 28.7256 28.9877 29.7025 30.3641 31.2412 32.1554 33.1192 34.2225 35.9148 37.5509 39.9386 41.8801 44.2224 46.2989 48.6508 50.6853 52.2148 53.3607 53.0768 49.2522 44.0749 36.616 32.3066 30.0648 30.1139 29.8754 34.4091 35.9441 39.8941 39.9922 40.1145 40.3423 39.046 38.7503 37.9254 37.9079 40.3596 41.8482 44.3491 47.827 49.2032 49.6513 50.0259 48.4573 47.8181 44.091 42.7542 38.5506 40.5715 43.9702 47.4084 52.2025 56.5039 55.7918 55.7991 53.0767 47.7157 999999 999999 999999 999999 999999
27.8415 27.88 27.9878 28.532 28.6491 29.1584 29.2555 29.0976 29.7714 30.7221 31.4888 32.3944 32.9908 33.4154 34.9323 36.1202 38.1987 39.4285 42.0013 43.9469 47.1643 50.1001 53.2821 53.6395 53.5676 49.7621 45.233 37.1639 32.2279 30.6402 28.0671 28.6054 30.3247 33.2353 34.1529 36.0995 36.0001 36.0573 36.324 36.0731 35.8789 36.4775 37.6991 39.4137 43.3789 45.5958 49.5917 50.3475 51.5221 50.7391 50.2877 48.3481 46.9602 45.8582 47.189 48.2528 53.4213 55.6055 56.7208 56.4712 55.4476 50.6139 45.6736 41.8821 999999 999999 999999 999999
27.3277 27.611 27.6205 27.8511 28.9761 29.2263 29.6227 29.8357 30.5302 31.0925 32.1132 32.3941 32.8853 33.0953 34.3497 35.1527 36.7195 38.5077 40.6068 43.7582 46.856 50.1738 52.2653 53.9403 53.8897 51.324 46.2645 39.782 35.2792 30.7087 29.0822 27.2595 29.8258 30.4186 32.3955 32.3496 33.1317 32.9979 33.0579 33.1674 31.1806 32.7018 31.7199 35.0807 36.9474 42.5022 44.5248 48.5152 49.2299 51.2187 51.3766 50.898 50.7859 48.3688 49.8455 51.56 52.6595 55.9387 57.0718 56.3471 51.7663 47.1147 45.0198 40.932 35.8551 999999 999999 999999
26.8661 26.7847 26.8054 27.5114 28.2412 29.3939 29.6679 30.4995 31.0719 32.7205 32.6374 33.521 32.8646 32.5515 32.2958 32.1908 33.4019 33.4432 36.7037 39.3091 44.2352 48.513 51.8922 53.9955 53.6021 51.6326 48.6143 44.2692 38.8442 33.1409 28.8047 27.4055 27.1383 28.7408 27.6537 29.1359 27.936 29.3856 28.5355 28.5856 28.7042 28.8503 29.252 31.3508 34.233 38.1565 41.9033 44.8088 47.6525 48.9098 51.6089 51.748 52.5605 52.6068 52.7525 52.8588 54.1328 53.9019 54.4647 52.7362 49.886 46.04 43.465 36.0044 34.8207 33.2108 36.3943 999999
26.6166 26.5421 26.5706 27.0936 28.3456 29.2568 30.5798 31.4013 32.6693 33.534 34.1411 33.5851 33.0201 31.5348 30.9869 29.9861 30.4904 31.7867 34.4705 38.6651 43.487 47.2423 51.5461 53.4562 53.4691 52.7372 48.6685 46.6296 42.2746 35.5982 31.7887 27.4573 27.5957 27.487 27.2326 27.6086 27.3414 27.5385 27.5904 28.2206 27.9357 28.4006 28.3382 29.2756 30.8912 34.5052 36.4436 40.2983 41.3606 45.8643 47.0259 51.5681 52.1378 52.3707 52.8015 53.1582 52.9954 52.4924 52.0532 50.2896 47.9502 42.1537 38.8586 34.6845 32.8402 34.8736 36.7448 38.3841
26.6322 26.8724 26.9133 27.2761 28.373 29.4241 30.7795 31.6226 32.9111 34.426 35.0565 35.7279 34.4525 33.5516 31.1174 29.6649 28.5088 28.4106 30.9014 33.8435 39.3381 44.6218 49.5111 51.7966 52.8524 51.5725 49.9722 47.045 44.3646 36.0844 33.6294 30.1928 28.1878 28.4757 27.6684 27.9271 27.2458 27.5637 27.1847 27.7079 27.9197 28.2689 28.6014 29.6094 30.1231 31.9051 32.6606 35.0618 37.6475 40.4482 45.749 48.384 51.9445 52.484 52.5746 52.2815 51.6509 50.2501 48.8438 46.4416 42.662 39.27 34.442 33.0417 32.3725 35.3317 37.7838 43.7042
27.074 27.1008 27.2455 28.5793 29.0068 30.2003 31.032 32.2503 33.7685 35.0552 35.8094 36.4133 35.2575 33.7539 31.3046 29.0482 28.0745 27.4759 29.87 30.8309 38.4024 41.3222 47.2764 49.2174 50.4654 49.8951 47.6227 46.0064 44.9351 40.6412 36.7906 35.1981 30.6091 30.2735 28.9597 29.1098 29.1363 28.3551 27.7606 28.1494 28.7389 29.6914 30.194 30.2934 30.4807 30.2379 30.1506 31.5085 32.0466 36.9563 39.9519 47.3718 49.301 51.9197 52.3521 52.1821 51.1394 49.0041 47.2398 44.0292 41.6988 36.5903 34.5363 31.1342 32.0953 34.3599 39.5439 44.9489
27.2361 27.6598 27.7649 27.984 29.2988 29.8671 30.5202 31.3994 32.5258 33.406 35.2 36.2674 36.7459 36.0213 33.8502 32.0013 29.3711 28.115 27.7686 29.5899 33.4431 37.6307 42.742 44.73 47.5921 46.2721 46.9146 45.6034 43.8855 40.9525 39.7549 36.8729 35.5504 33.8704 32.8448 31.9879 31.5566 29.364 29.7548 28.9238 30.618 31.2063 32.5988 32.9254 31.2875 30.7386 28.6112 29.2365 30.7135 33.9189 39.6026 44.2222 49.2495 51.4378 51.7484 51.0162 49.3552 46.9066 44.1074 41.2834 37.7535 35.4386 32.4295 32.141 33.3384 34.5467 42.5487 45.7707
27.362 27.4388 27.581 28.8467 29.0502 29.6926 30.404 31.0926 31.7792 32.9443 34.7522 36.355 36.7565 37.111 34.9157 33.0628 30.6248 28.9141 28.3879 27.464 31.8313 33.2804 38.7347 40.1199 42.5624 42.7183 41.6206 41.6918 41.9435 42.3006 40.6886 39.6993 37.4902 36.3035 35.0951 33.5457 32.7736 30.7021 30.1266 30.5349 31.2746 33.5329 35.6063 34.3954 33.9665 31.0741 29.9159 28.4665 29.4409 33.2952 37.711 44.8542 48.7879 52.4341 52.0795 51.5309 49.4347 45.58 42.7169 37.8318 36.3518 32.6789 32.4669 30.5544 32.0268 34.3463 39.0172 43.9221
27.363 27.4195 27.4576 27.4914 28.0516 28.7114 28.9354 29.6162 29.874 30.1526 32.2411 33.192 35.667 35.955 36.6344 35.1868 33.0826 31.1074 28.6952 27.9331 28.3883 30.8145 33.7941 34.9487 37.7553 37.2363 38.7253 40.4005 42.3339 42.4403 42.9513 41.1625 40.9356 38.8274 37.3849 35.3757 34.4676 31.3001 30.9664 30.7454 33.5202 35.7595 36.8171 36.5533 33.7499 31.6672 29.952 29.1089 31.6039 34.8285 41.0442 45.8976 49.9015 52.3594 52.3394 50.127 47.102 43.1584 38.8259 35.5391 32.7787 31.6743 30.4907 30.3342 32.0378 33.0119 38.2184 39.9872
28.0111 27.8401 27.574 27.1259 27.1844 27.4915 27.7305 28.1732 27.8669 28.5128 29.9479 31.723 33.6562 35.6783 35.7861 36.3645 33.7309 32.8392 29.4847 27.5288 28.1586 27.7465 30.2327 30.8043 32.6281 33.2806 35.9272 37.4071 40.3382 41.7644 42.1355 41.3081 40.7642 38.7316 36.8803 34.9091 32.5212 30.5898 30.8121 32.1274 34.4733 36.5266 37.5898 35.6877 33.4531 31.3644 29.5581 30.0364 32.4534 36.4223 42.0987 47.3031 51.4763 53.7943 52.7553 51.0987 47.8799 43.4266 39.0092 36.1808 34.1083 33.3627 31.4872 30.7659 30.2281 32.1151 34.5446 37.1106
28.1905 28.088 27.8373 26.7257 26.3812 26.7453 26.48 26.8122 26.2261 26.4684 27.442 28.5249 30.7441 31.7871 34.1603 34.3555 34.9816 33.5203 31.637 29.1745 27.1134 27.1596 27.5034 28.2096 29.3523 29.694 32.4255 33.8691 36.2463 38.669 39.3614 39.2558 37.7985 36.6489 34.3996 32.5631 31.104 29.9628 30.04 32.0059 33.9269 36.7599 35.1724 34.6678 31.2792 29.3804 30.9219 32.0617 36.7733 41.2245 46.2861 50.6712 52.2259 53.4625 52.122 50.1465 46.2185 43.6273 39.3245 37.2417 35.8895 35.7762 33.4158 31.3501 31.2562 31.7593 32.9084 34.3021
31.181 28.3833 28.3236 27.8391 26.2674 26.1206 25.6224 25.4432 25.3696 25.3214 26.0746 26.6712 28.5245 29.2443 31.9092 33.1068 33.7652 34.7343 31.4977 29.8221 27.6922 26.0326 26.2883 26.3284 27.1554 27.7893 30.0788 31.5175 34.6964 36.1948 37.1137 37.0313 35.7625 34.4207 32.0679 30.6005 28.6832 28.9068 29.2816 30.0712 33.7029 34.932 34.4115 32.9522 30.2919 29.4447 30.4875 33.2831 37.8331 42.1842 47.3366 50.9689 53.0615 52.9808 52.3568 50.7348 48.4971 45.6198 43.616 42.6524 40.3505 40.7747 36.6332 34.0914 31.3575 32.8954 33.1814 35.113
32.7907 31.9167 31.6802 30.9194 30.4488 27.6094 27.3698 26.9628 25.3529 25.3334 25.2805 25.8663 26.2633 27.3914 29.2592 30.4629 32.781 33.4387 33.0846 30.4943 28.1188 26.3153 25.8438 25.9538 26.3307 27.2912 28.2537 30.3737 31.2174 33.7392 32.8046 33.9133 33.3711 33.3285 28.9646 29.6313 27.4538 27.463 29.2154 29.9159 32.1963 33.8979 32.2248 31.2615 29.9355 28.9952 32.893 34.7121 41.473 45.8966 48.9997 51.5358 52.3197 52.403 51.338 51.1227 48.9892 48.2503 46.9719 46.0749 45.3981 43.1567 39.0366 35.6878 34.7652 33.6663 35.1526 34.7166
35.8533 35.5337 35.8865 35.8736 33.4435 32.1541 28.2808 27.6619 26.8036 25.2545 25.3119 25.07 25.4862 25.7504 27.6259 28.8517 31.5818 33.4772 31.6928 31.5288 27.9185 26.4321 26.0503 25.9947 26.4349 27.4689 28.4101 29.7984 31.2368 32.2553 32.2805 32.0988 30.7639 30.4032 28.1179 27.5727 27.21 27.1406 27.6898 29.2809 30.0653 32.4146 31.8148 30.8519 29.8249 29.3087 32.2141 34.8182 38.9723 44.6425 47.4016 50.5675 50.9323 50.4981 50.9934 50.0803 50.5983 49.0431 49.0491 48.2124 47.0887 43.866 41.2366 36.7142 35.9441 35.29 35.758 35.0772
38.7764 39.3384 39.5694 41.0418 41.2071 36.9954 35.9845 33.5227 28.8488 27.2604 25.3587 25.081 25.0007 25.5268 26.3073 28.2959 30.0502 32.486 32.8819 31.8338 29.6165 27.862 26.287 26.4381 26.7861 28.346 29.0325 31.0566 31.1656 32.6588 31.1618 31.2402 30.5559 30.2839 28.7893 27.6434 27.1629 27.0908 27.393 28.5267 29.2479 30.6699 30.7382 30.3574 30.331 29.9825 32.025 33.7175 38.4548 41.6558 46.2822 47.834 49.5124 49.5865 49.5325 49.889 49.9579 49.3599 49.1869 47.5886 45.6968 43.3528 39.7368 37.1806 35.8217 34.8043 35.2535 34.2126
35.5046 39.3507 43.4546 44.525 46.2118 44.1144 39.1359 35.8295 32.3558 28.1808 26.8496 25.1953 25.1848 25.4981 26.6852 28.3355 30.413 33.1961 32.8714 33.5332 30.3588 28.5232 27.8177 26.9482 28.2671 28.9684 30.859 31.8873 32.4984 32.7691 31.9255 31.6832 31.2614 30.7976 29.2582 28.0672 27.3547 27.0929 27.7231 27.7553 28.4435 30.1937 30.8649 30.509 29.842 29.7175 29.6287 31.6259 33.4776 38.652 40.6811 45.9263 46.3123 46.8182 48.1156 47.4454 48.3115 47.0714 47.1323 44.4134 43.7484 39.9908 39.2308 34.8751 34.3236 33.4828 33.3566 31.4488
33.366 34.55 40.5042 43.7469 47.4561 46.1271 45.4253 42.0942 35.9251 31.1699 27.4129 25.7845 25.4643 25.9328 26.6566 28.9743 31.1143 34.679 35.7026 35.9459 32.7491 30.3119 28.1233 27.4667 28.4842 29.5224 30.7386 32.3426 33.1226 33.6642 33.6148 32.9038 31.9771 31.2047 30.5706 28.3631 28.4624 27.239 27.5285 27.7113 28.8621 29.9394 30.4467 30.6557 29.5464 29.2676 28.8612 29.8343 31.6683 34.7781 38.6625 42.1225 44.5882 45.1306 45.3995 45.5668 45.2901 44.483 42.8889 41.6229 39.0084 37.6587 35.2892 33.9917 32.316 31.5473 30.4667 30.3266
31.7396 32.2739 35.5814 40.9595 43.4401 47.2411 45.9116 43.1428 39.988 33.7988 30.3482 27.4477 26.261 26.4596 28.2274 29.8046 33.1469 35.8935 37.6018 37.8704 35.682 32.5488 29.8985 28.5696 28.0791 29.2508 30.4541 31.9361 33.1827 33.6303 34.3271 33.8175 33.2291 32.1488 30.694 29.7573 28.4288 28.0289 27.5832 27.578 28.4858 29.6165 30.0884 30.4631 29.9231 29.2302 28.5528 28.4263 29.4688 32.2887 35.1323 40.9111 42.5306 44.597 44.817 44.9199 44.5445 43.5199 42.047 40.639 38.4233 36.8886 34.8957 33.4103 31.9737 31.1045 30.186 30.0937
30.2209 30.6291 31.6069 36.9276 41.2014 44.0755 45.8374 43.0688 39.9035 34.6167 30.5514 28.1299 26.4759 26.6188 28.6045 30.0256 33.8942 36.1873 38.179 38.3011 35.8763 33.2022 30.0915 28.9477 28.0849 29.0495 30.4051 31.6722 33.0903 33.486 34.4173 33.9879 33.3126 32.4212 30.7833 29.8423 28.4783 28.0999 27.5875 27.5914 28.644 29.5595 29.8775 30.327 29.9675 29.3502 28.5593 28.4004 29.5958 31.9753 34.9661 38.3678 41.505 43.0214 44.4514 43.3429 44.2701 42.3449 42.6129 40.0792 39.7011 36.6671 36.0052 33.4391 32.7349 31.1196 30.8326 30.0261
30.4599 30.6888 31.4687 35.9098 40.7668 43.0599 45.4405 42.8604 39.8245 35.2108 31.0036 29.2025 26.5302 28.331 28.7995 32.3601 33.8534 36.149 37.8127 37.133 35.8367 33.8732 30.3965 29.4126 28.0563 29.2773 30.439 31.7433 33.0088 33.701 34.4016 33.8541 33.2446 32.1219 30.8147 29.9539 28.531 28.1795 27.5728 28.543 28.6967 28.9999 29.7088 29.7631 30.0399 29.3426 28.6021 29.2582 29.6523 32.0375 34.897 37.7488 39.5443 42.0205 42.5136 43.2 43.3515 42.2905 42.0335 40.0583 38.9464 36.6311 35.4775 33.4476 32.5409 31.1889 30.7628 30.0524
30.8992 31.0981 31.598 34.6595 37.8672 41.2251 41.3951 41.0588 38.1554 35.4627 32.7886 29.4922 28.8427 28.5283 29.1697 32.512 33.7343 35.8863 37.2651 36.8262 36.0295 34.0111 32.1801 29.5978 29.6035 29.3337 30.2068 31.753 32.369 33.627 33.6048 33.7669 33.3807 32.0712 31.4583 30.0237 29.5313 28.2271 28.1506 28.6002 28.6606 28.939 29.7398 29.6965 29.5207 29.4035 28.9645 29.339 29.6006 32.1162 34.5476 37.7255 39.2588 41.9362 42.2989 43.1425 43.318 42.2994 42.1292 40.1004 36.7842 36.652 33.8862 33.4828 31.684 31.2522 30.2287 30.0865
31.2475 31.4151 34.0293 34.7565 37.5232 41.0662 40.9818 40.8144 38.1011 35.4998 33.1562 29.641 29.1375 28.629 29.1498 32.5738 33.5433 35.692 35.5924 36.6311 35.1295 34.088 32.8417 29.692 30.6734 29.3644 30.6566 31.763 32.4483 33.5875 33.1506 33.7106 32.7142 32.0358 31.2436 30.0604 29.6134 28.2514 29.0463 28.6303 28.8834 28.896 29.0861 29.6645 29.0718 29.4431 29.9332 29.3847 31.6345 32.1545 35.0113 37.728 38.382 41.9077 40.7999 43.1246 41.2049 42.3254 39.6175 40.1521 36.7804 36.6857 33.8928 33.5184 31.7284 31.2998 30.28 30.1159
31.4956 31.6294 34.3375 34.846 35.2565 41.0228 36.8769 40.7026 36.4938 35.5185 33.6314 29.7119 31.365 28.6772 32.2224 32.5943 34.7701 35.5619 35.3217 36.5126 35.0476 34.1294 32.9719 29.7381 30.8069 29.3808 30.6789 31.7712 32.4261 33.5668 33.0647 33.675 32.6517 32.012 31.2503 30.0795 29.6664 29.5045 29.1097 28.646 28.8679 28.8665 29.0426 29.0434 29.0526 29.0032 30.013 30.0461 31.7177 32.0193 35.0408 35.4667 38.3162 38.6672 40.7095 40.8095 41.1556 41.0267 39.6088 39.376 36.7763 36.5138 33.8959 33.6565 31.7568 31.5906 30.3135 30.2391
